0 644
1 644
2 644
3 644
4 644
5 644
6 644
7 644
8 644
9 644
10 644
11 644
12 644
13 644
14 644
15 644
16 644
17 644
18 644
19 644
20 644
21 644
22 644
23 644
24 644
25 644
26 644
27 644
28 644
29 644
30 644
31 644
32 645
33 645
34 645
35 645
36 645
37 645
38 645
39 645
40 645
41 645
42 645
43 645
44 645
45 645
46 645
47 645
48 645
49 645
50 645
51 645
52 645
53 645
54 645
55 645
56 645
57 645
58 645
59 645
60 645
61 645
62 645
63 645
64 645
65 645
66 645
67 645
68 646
69 646
70 646
71 646
72 646
73 646
74 646
75 646
76 646
77 646
78 646
79 646
80 646
81 646
82 646
83 646
84 646
85 646
86 646
87 646
88 646
89 646
90 646
91 647
92 647
93 647
94 647
95 647
96 647
97 647
98 647
99 647
100 647
101 647
102 647
103 647
104 647
105 647
106 647
107 647
108 647
109 647
110 647
111 647
112 647
113 647
114 648
115 648
116 648
117 648
118 648
119 648
120 648
121 648
122 648
123 648
124 648
125 648
126 648
127 648
128 648
129 648
130 648
131 648
132 648
133 648
134 648
135 648
136 648
137 648
138 648
139 648
140 648
141 648
142 648
143 648
144 648
145 648
146 648
147 648
148 649
149 649
150 649
151 649
152 649
153 649
154 649
155 649
156 649
157 649
158 649
159 649
160 649
161 649
162 649
163 649
164 649
165 649
166 649
167 649
168 650
169 650
170 650
171 650
172 650
173 650
174 650
175 650
176 650
177 650
178 650
179 650
180 650
181 650
182 650
183 650
184 650
185 650
186 650
187 650
188 650
189 650
190 650
191 651
192 651
193 651
194 651
195 651
196 651
197 651
198 651
199 651
200 651
201 651
202 651
203 651
204 651
205 651
206 651
207 651
208 651
209 651
210 651
211 651
212 651
213 651
214 651
215 651
216 651
217 651
218 651
219 651
220 652
221 652
222 652
223 652
224 652
225 652
226 652
227 652
228 652
229 652
230 652
231 652
232 652
233 652
234 652
235 652
236 653
237 653
238 653
239 653
240 653
241 653
242 653
243 653
244 653
245 653
246 653
247 653
248 653
249 653
250 653
251 653
252 653
253 653
254 653
255 653
256 653
257 653
258 653
259 653
260 653
261 653
262 653
263 653
264 653
265 653
266 653
267 654
268 654
269 654
270 654
271 654
272 654
273 654
274 654
275 654
276 654
277 654
278 654
279 654
280 654
281 654
282 654
283 654
284 655
285 655
286 655
287 655
288 655
289 655
290 655
291 655
292 655
293 655
294 655
295 655
296 655
297 655
298 655
299 655
300 655
301 655
302 655
303 655
304 655
305 655
306 655
307 655
308 655
309 656
310 656
311 656
312 656
313 656
314 656
315 656
316 656
317 656
318 656
319 656
320 656
321 656
322 656
323 656
324 656
325 656
326 656
327 656
328 656
329 656
330 656
331 656
332 656
333 657
334 657
335 657
336 657
337 657
338 657
339 657
340 657
341 657
342 657
343 657
344 657
345 657
346 657
347 657
348 657
349 657
350 657
351 657
352 658
353 658
354 658
355 658
356 658
357 658
358 658
359 658
360 658
361 658
362 658
363 658
364 658
365 658
366 658
367 658
368 658
369 658
370 658
371 658
372 658
373 658
374 658
375 658
376 658
377 658
378 658
379 658
380 658
381 658
382 658
383 659
384 659
385 659
386 659
387 659
388 659
389 659
390 659
391 659
392 659
393 659
394 659
395 659
396 659
397 660
398 660
399 660
400 660
401 660
402 660
403 660
404 660
405 660
406 660
407 660
408 660
409 660
410 660
411 660
412 660
413 660
414 660
415 660
416 660
417 660
418 660
419 660
420 660
421 660
422 660
423 660
424 660
425 660
426 661
427 661
428 661
429 661
430 661
431 661
432 661
433 661
434 661
435 661
436 661
437 661
438 661
439 661
440 661
441 661
442 661
443 661
444 661
445 661
446 661
447 662
448 662
449 662
450 662
451 662
452 662
453 662
454 662
455 662
456 662
457 662
458 662
459 662
460 662
461 662
462 662
463 662
464 662
465 662
466 662
467 662
468 662
469 663
470 663
471 663
472 663
473 663
474 663
475 663
476 663
477 663
478 663
479 663
480 663
481 663
482 663
483 663
484 663
485 663
486 663
487 663
488 663
489 663
490 663
491 663
492 663
493 663
494 663
495 663
496 663
497 663
498 663
499 663
500 664
501 664
502 664
503 664
504 664
505 664
506 664
507 664
508 664
509 664
510 664
511 664
512 664
513 664
514 664
515 665
516 665
517 665
518 665
519 665
520 665
521 665
522 665
523 665
524 665
525 665
526 665
527 665
528 665
529 665
530 665
531 665
532 665
533 665
534 665
535 665
536 665
537 665
538 665
539 665
540 665
541 665
542 665
543 665
544 665
545 666
546 666
547 666
548 666
549 666
550 666
551 666
552 666
553 666
554 666
555 666
556 666
557 666
558 666
559 666
560 666
561 666
562 666
563 666
564 666
565 666
566 666
567 666
568 666
569 667
570 667
571 667
572 667
573 667
574 667
575 667
576 667
577 667
578 667
579 667
580 667
581 667
582 667
583 667
584 667
585 667
586 667
587 667
588 667
589 667
590 668
591 668
592 668
593 668
594 668
595 668
596 668
597 668
598 668
599 668
600 668
601 668
602 668
603 668
604 668
605 668
606 668
607 668
608 668
609 668
610 668
611 668
612 668
613 668
614 668
615 668
616 668
617 668
618 668
619 668
620 668
621 668
622 668
623 669
624 669
625 669
626 669
627 669
628 669
629 669
630 669
631 669
632 669
633 669
634 669
635 669
636 669
637 669
638 669
639 669
640 669
641 669
642 669
643 669
644 670
645 670
646 670
647 670
648 670
649 670
650 670
651 670
652 670
653 670
654 670
655 670
656 670
657 670
658 670
659 670
660 670
661 670
662 670
663 670
664 670
665 670
666 670
667 670
668 671
669 671
670 671
671 671
672 671
673 671
674 671
675 671
676 671
677 671
678 671
679 671
680 671
681 671
682 671
683 671
684 671
685 671
686 671
687 671
688 671
689 671
690 671
691 671
692 671
693 671
694 671
695 671
696 671
697 671
698 671
699 671
700 671
701 671
702 672
703 672
704 672
705 672
706 672
707 672
708 672
709 672
710 672
711 672
712 672
713 672
714 672
715 672
716 672
717 672
718 672
719 672
720 672
721 672
722 672
723 672
724 672
725 672
726 672
727 672
728 673
729 673
730 673
731 673
732 673
733 673
734 673
735 673
736 673
737 673
738 673
739 673
740 673
741 673
742 673
743 673
744 673
745 673
746 673
747 673
748 673
749 674
750 674
751 674
752 674
753 674
754 674
755 674
756 674
757 674
758 674
759 674
760 674
761 674
762 674
763 674
764 674
765 674
766 674
767 674
768 674
769 674
770 674
771 674
772 674
773 674
774 674
775 674
776 674
777 674
778 674
779 674
780 674
781 674
782 674
783 675
784 675
785 675
786 675
787 675
788 675
789 675
790 675
791 675
792 675
793 675
794 675
795 675
796 675
797 675
798 675
799 675
800 675
801 675
802 675
803 675
804 675
805 675
806 675
807 675
808 675
809 675
810 675
811 675
812 675
813 675
814 675
815 675
816 675
817 675
818 676
819 676
820 676
821 676
822 676
823 676
824 676
825 676
826 676
827 676
828 676
829 676
830 676
831 676
832 676
833 676
834 676
835 676
836 676
837 676
838 676
839 676
840 676
841 676
842 676
843 676
844 677
845 677
846 677
847 677
848 677
849 677
850 677
851 677
852 677
853 677
854 677
855 677
856 677
857 677
858 677
859 677
860 677
861 677
862 677
863 677
864 677
865 677
866 677
867 677
868 677
869 678
870 678
871 678
872 678
873 678
874 678
875 678
876 678
877 678
878 678
879 678
880 678
881 678
882 678
883 678
884 678
885 678
886 678
887 678
888 678
889 678
890 678
891 678
892 678
893 678
894 678
895 678
896 678
897 678
898 678
899 678
900 678
901 678
902 679
903 679
904 679
905 679
906 679
907 679
908 679
909 679
910 679
911 679
912 679
913 679
914 679
915 679
916 679
917 679
918 679
919 679
920 679
921 679
922 679
923 679
924 679
925 679
926 679
927 679
928 679
929 679
930 679
931 679
932 679
933 679
934 679
935 679
936 679
937 679
938 679
939 680
940 680
941 680
942 680
943 680
944 680
945 680
946 680
947 680
948 680
949 680
950 680
951 680
952 680
953 680
954 680
955 680
956 680
957 680
958 680
959 680
960 680
961 680
962 680
963 680
964 680
965 680
966 680
967 680
968 680
969 680
970 680
971 680
972 680
973 680
974 680
975 680
976 680
977 681
978 681
979 681
980 681
981 681
982 681
983 681
984 681
985 681
986 681
987 681
988 681
989 681
990 681
991 681
992 681
993 681
994 681
995 681
996 681
997 681
998 681
999 681
1000 681
1001 681
1002 681
1003 681
1004 681
1005 681
1006 681
1007 681
1008 681
1009 681
1010 681
1011 681
1012 681
1013 682
1014 682
1015 682
1016 682
1017 682
1018 682
1019 682
1020 682
1021 682
1022 682
1023 682
1024 682
1025 682
1026 682
1027 682
1028 682
1029 682
1030 682
1031 682
1032 682
1033 682
1034 682
1035 682
1036 682
1037 682
1038 682
1039 682
1040 682
1041 682
1042 683
1043 683
1044 683
1045 683
1046 683
1047 683
1048 683
1049 683
1050 683
1051 683
1052 683
1053 683
1054 683
1055 683
1056 683
1057 683
1058 683
1059 683
1060 683
1061 683
1062 683
1063 683
1064 683
1065 683
1066 683
1067 683
1068 683
1069 683
1070 683
1071 683
1072 684
1073 684
1074 684
1075 684
1076 684
1077 684
1078 684
1079 684
1080 684
1081 684
1082 684
1083 684
1084 684
1085 684
1086 684
1087 684
1088 684
1089 684
1090 684
1091 684
1092 684
1093 684
1094 684
1095 684
1096 684
1097 684
1098 684
1099 684
1100 684
1101 684
1102 684
1103 684
1104 685
1105 685
1106 685
1107 685
1108 685
1109 685
1110 685
1111 685
1112 685
1113 685
1114 685
1115 685
1116 685
1117 685
1118 685
1119 685
1120 685
1121 685
1122 685
1123 685
1124 685
1125 685
1126 685
1127 685
1128 685
1129 685
1130 685
1131 685
1132 686
1133 686
1134 686
1135 686
1136 686
1137 686
1138 686
1139 686
1140 686
1141 686
1142 686
1143 686
1144 686
1145 686
1146 686
1147 686
1148 686
1149 686
1150 686
1151 686
1152 686
1153 686
1154 686
1155 686
1156 686
1157 686
1158 686
1159 686
1160 686
1161 686
1162 686
1163 686
1164 687
1165 687
1166 687
1167 687
1168 687
1169 687
1170 687
1171 687
1172 687
1173 687
1174 687
1175 687
1176 687
1177 687
1178 687
1179 687
1180 687
1181 687
1182 687
1183 687
1184 687
1185 687
1186 687
1187 687
1188 687
1189 687
1190 687
1191 687
1192 687
1193 687
1194 687
1195 688
1196 688
1197 688
1198 688
1199 688
1200 688
1201 688
1202 688
1203 688
1204 688
1205 688
1206 688
1207 688
1208 688
1209 688
1210 688
1211 688
1212 688
1213 688
1214 688
1215 688
1216 688
1217 688
1218 688
1219 688
1220 688
1221 688
1222 688
1223 688
1224 688
1225 688
1226 688
1227 689
1228 689
1229 689
1230 689
1231 689
1232 689
1233 689
1234 689
1235 689
1236 689
1237 689
1238 689
1239 689
1240 689
1241 689
1242 689
1243 689
1244 689
1245 689
1246 689
1247 689
1248 689
1249 689
1250 689
1251 689
1252 689
1253 689
1254 689
1255 689
1256 689
1257 689
1258 689
1259 689
1260 690
1261 690
1262 690
1263 690
1264 690
1265 690
1266 690
1267 690
1268 690
1269 690
1270 690
1271 690
1272 690
1273 690
1274 690
1275 690
1276 690
1277 690
1278 690
1279 690
1280 690
1281 690
1282 690
1283 690
1284 690
1285 690
1286 690
1287 690
1288 690
1289 690
1290 690
1291 690
1292 690
1293 690
1294 690
1295 690
1296 690
1297 690
1298 690
1299 690
1300 690
1301 691
1302 691
1303 691
1304 691
1305 691
1306 691
1307 691
1308 691
1309 691
1310 691
1311 691
1312 691
1313 691
1314 691
1315 691
1316 691
1317 691
1318 691
1319 691
1320 691
1321 691
1322 691
1323 691
1324 691
1325 691
1326 691
1327 691
1328 691
1329 691
1330 691
1331 691
1332 691
1333 692
1334 692
1335 692
1336 692
1337 692
1338 692
1339 692
1340 692
1341 692
1342 692
1343 692
1344 692
1345 692
1346 692
1347 692
1348 692
1349 692
1350 692
1351 692
1352 692
1353 692
1354 692
1355 692
1356 692
1357 692
1358 692
1359 692
1360 692
1361 692
1362 692
1363 692
1364 692
1365 693
1366 693
1367 693
1368 693
1369 693
1370 693
1371 693
1372 693
1373 693
1374 693
1375 693
1376 693
1377 693
1378 693
1379 693
1380 693
1381 693
1382 693
1383 693
1384 693
1385 693
1386 693
1387 693
1388 693
1389 693
1390 693
1391 693
1392 693
1393 693
1394 693
1395 694
1396 694
1397 694
1398 694
1399 694
1400 694
1401 694
1402 694
1403 694
1404 694
1405 694
1406 694
1407 694
1408 694
1409 694
1410 694
1411 694
1412 694
1413 694
1414 694
1415 694
1416 694
1417 694
1418 694
1419 694
1420 694
1421 694
1422 694
1423 694
1424 695
1425 695
1426 695
1427 695
1428 695
1429 695
1430 695
1431 695
1432 695
1433 695
1434 695
1435 695
1436 695
1437 695
1438 695
1439 695
1440 695
1441 695
1442 695
1443 695
1444 695
1445 695
1446 695
1447 695
1448 695
1449 695
1450 695
1451 695
1452 695
1453 695
1454 695
1455 695
1456 696
1457 696
1458 696
1459 696
1460 696
1461 696
1462 696
1463 696
1464 696
1465 696
1466 696
1467 696
1468 696
1469 696
1470 696
1471 696
1472 696
1473 696
1474 696
1475 696
1476 696
1477 696
1478 696
1479 696
1480 696
1481 696
1482 696
1483 696
1484 696
1485 696
1486 696
1487 696
1488 696
1489 696
1490 696
1491 696
1492 696
1493 696
1494 696
1495 696
1496 696
1497 696
1498 696
1499 696
1500 696
1501 696
1502 697
1503 697
1504 697
1505 697
1506 697
1507 697
1508 697
1509 697
1510 697
1511 697
1512 697
1513 697
1514 697
1515 697
1516 697
1517 697
1518 697
1519 697
1520 697
1521 697
1522 697
1523 697
1524 697
1525 697
1526 697
1527 697
1528 697
1529 697
1530 697
1531 697
1532 698
1533 698
1534 698
1535 698
1536 698
1537 698
1538 698
1539 698
1540 698
1541 698
1542 698
1543 698
1544 698
1545 698
1546 698
1547 698
1548 698
1549 698
1550 698
1551 698
1552 698
1553 698
1554 698
1555 698
1556 698
1557 698
1558 698
1559 698
1560 698
1561 699
1562 699
1563 699
1564 699
1565 699
1566 699
1567 699
1568 699
1569 699
1570 699
1571 699
1572 699
1573 699
1574 699
1575 699
1576 699
1577 699
1578 699
1579 699
1580 699
1581 699
1582 699
1583 699
1584 699
1585 699
1586 699
1587 699
1588 699
1589 699
1590 699
1591 699
1592 699
1593 699
1594 699
1595 699
1596 700
1597 700
1598 700
1599 700
1600 700
1601 700
1602 700
1603 700
1604 700
1605 700
1606 700
1607 700
1608 700
1609 700
1610 700
1611 700
1612 700
1613 700
1614 700
1615 700
1616 700
1617 700
1618 700
1619 700
1620 700
1621 700
1622 700
1623 700
1624 700
1625 700
1626 700
1627 700
1628 700
1629 700
1630 700
1631 700
1632 700
1633 700
1634 700
1635 700
1636 701
1637 701
1638 701
1639 701
1640 701
1641 701
1642 701
1643 701
1644 701
1645 701
1646 701
1647 701
1648 701
1649 701
1650 701
1651 701
1652 701
1653 701
1654 701
1655 701
1656 701
1657 701
1658 701
1659 701
1660 701
1661 701
1662 701
1663 701
1664 702
1665 702
1666 702
1667 702
1668 702
1669 702
1670 702
1671 702
1672 702
1673 702
1674 702
1675 702
1676 702
1677 702
1678 702
1679 702
1680 702
1681 702
1682 702
1683 702
1684 702
1685 702
1686 702
1687 702
1688 702
1689 702
1690 702
1691 702
1692 702
1693 702
1694 702
1695 702
1696 702
1697 702
1698 702
1699 702
1700 702
1701 702
1702 702
1703 702
1704 702
1705 702
1706 702
1707 702
1708 702
1709 703
1710 703
1711 703
1712 703
1713 703
1714 703
1715 703
1716 703
1717 703
1718 703
1719 703
1720 703
1721 703
1722 703
1723 703
1724 703
1725 703
1726 703
1727 703
1728 703
1729 703
1730 703
1731 703
1732 703
1733 703
1734 703
1735 704
1736 704
1737 704
1738 704
1739 704
1740 704
1741 704
1742 704
1743 704
1744 704
1745 704
1746 704
1747 704
1748 704
1749 704
1750 704
1751 704
1752 704
1753 704
1754 704
1755 704
1756 704
1757 704
1758 704
1759 704
1760 704
1761 704
1762 704
1763 704
1764 704
1765 704
1766 704
1767 704
1768 704
1769 704
1770 705
1771 705
1772 705
1773 705
1774 705
1775 704
1776 704
1777 704
1778 705
1779 705
1780 705
1781 705
1782 705
1783 705
1784 705
1785 705
1786 705
1787 705
1788 705
1789 705
1790 705
1791 705
1792 705
1793 705
1794 705
1795 705
1796 705
1797 705
1798 705
1799 705
1800 705
1801 705
1802 705
1803 706
1804 706
1805 706
1806 706
1807 706
1808 706
1809 706
1810 706
1811 706
1812 706
1813 706
1814 706
1815 706
1816 706
1817 706
1818 706
1819 706
1820 706
1821 706
1822 706
1823 706
1824 706
1825 706
1826 706
1827 706
1828 706
1829 706
1830 707
1831 707
1832 707
1833 707
1834 707
1835 707
1836 707
1837 707
1838 707
1839 707
1840 707
1841 707
1842 707
1843 707
1844 707
1845 707
1846 707
1847 707
1848 707
1849 707
1850 707
1851 707
1852 707
1853 707
1854 707
1855 707
1856 707
1857 707
1858 707
1859 707
1860 707
1861 707
1862 707
1863 707
1864 707
1865 707
1866 708
1867 708
1868 708
1869 708
1870 708
1871 708
1872 708
1873 708
1874 708
1875 708
1876 708
1877 708
1878 708
1879 708
1880 708
1881 708
1882 708
1883 708
1884 708
1885 708
1886 708
1887 708
1888 708
1889 709
1890 709
1891 709
1892 709
1893 709
1894 709
1895 709
1896 709
1897 709
1898 709
1899 709
1900 709
1901 709
1902 709
1903 709
1904 709
1905 709
1906 709
1907 709
1908 709
1909 709
1910 709
1911 709
1912 709
1913 709
1914 709
1915 709
1916 709
1917 709
1918 709
1919 709
1920 709
1921 709
1922 709
1923 710
1924 710
1925 710
1926 710
1927 710
1928 710
1929 710
1930 710
1931 710
1932 710
1933 710
1934 710
1935 710
1936 710
1937 710
1938 710
1939 710
1940 710
1941 710
1942 710
1943 711
1944 711
1945 711
1946 711
1947 711
1948 711
1949 711
1950 711
1951 711
1952 711
1953 711
1954 711
1955 711
1956 711
1957 711
1958 711
1959 711
1960 711
1961 711
1962 711
1963 712
1964 712
1965 712
1966 712
1967 712
1968 712
1969 712
1970 712
1971 712
1972 712
1973 712
1974 712
1975 712
1976 712
1977 712
1978 712
1979 712
1980 712
1981 712
1982 712
1983 712
1984 712
1985 712
1986 712
1987 712
1988 713
1989 713
1990 713
1991 713
1992 713
1993 713
1994 713
1995 713
1996 713
1997 713
1998 713
1999 713
2000 713
2001 713
2002 713
2003 713
2004 713
2005 714
2006 714
2007 714
2008 714
2009 714
2010 714
2011 714
2012 714
2013 714
2014 714
2015 714
2016 714
2017 714
2018 714
2019 715
2020 715
2021 715
2022 715
2023 715
2024 715
2025 715
2026 715
2027 715
2028 715
2029 715
2030 715
2031 716
2032 716
2033 716
2034 716
2035 716
2036 716
2037 716
2038 716
2039 716
2040 716
2041 716
2042 716
2043 717
2044 717
2045 717
2046 717
2047 717
0 759
1 759
2 759
3 759
4 759
5 759
6 759
7 759
8 759
9 759
10 759
11 758
12 758
13 758
14 758
15 758
16 758
17 758
18 758
19 758
20 758
21 758
22 758
23 758
24 758
25 758
26 758
27 758
28 758
29 758
30 758
31 758
32 758
33 758
34 758
35 758
36 758
37 758
38 757
39 757
40 757
41 757
42 757
43 757
44 757
45 757
46 757
47 757
48 757
49 757
50 757
51 757
52 757
53 757
54 757
55 757
56 757
57 757
58 757
59 757
60 757
61 757
62 757
63 757
64 757
65 757
66 757
67 757
68 757
69 757
70 757
71 757
72 757
73 757
74 757
75 756
76 756
77 756
78 756
79 756
80 756
81 756
82 756
83 756
84 756
85 756
86 756
87 756
88 756
89 756
90 756
91 756
92 756
93 756
94 756
95 756
96 756
97 756
98 756
99 756
100 756
101 756
102 756
103 756
104 756
105 756
106 756
107 756
108 756
109 756
110 756
111 755
112 755
113 755
114 755
115 755
116 755
117 755
118 755
119 755
120 755
121 755
122 755
123 755
124 755
125 755
126 755
127 755
128 755
129 755
130 755
131 755
132 755
133 755
134 755
135 755
136 755
137 755
138 755
139 755
140 755
141 755
142 755
143 755
144 755
145 755
146 755
147 755
148 755
149 755
150 755
151 755
152 755
153 755
154 754
155 754
156 754
157 754
158 754
159 754
160 754
161 754
162 754
163 754
164 754
165 754
166 754
167 754
168 754
169 754
170 754
171 754
172 754
173 754
174 754
175 754
176 754
177 754
178 754
179 754
180 754
181 754
182 754
183 754
184 754
185 754
186 754
187 753
188 753
189 753
190 753
191 753
192 753
193 753
194 753
195 753
196 753
197 753
198 753
199 753
200 753
201 753
202 753
203 753
204 753
205 753
206 753
207 753
208 753
209 753
210 753
211 753
212 753
213 753
214 753
215 753
216 753
217 753
218 753
219 753
220 753
221 753
222 753
223 753
224 753
225 753
226 753
227 753
228 753
229 753
230 753
231 753
232 753
233 753
234 752
235 752
236 752
237 752
238 752
239 752
240 752
241 752
242 752
243 752
244 752
245 752
246 752
247 752
248 752
249 752
250 752
251 752
252 752
253 752
254 752
255 752
256 752
257 752
258 752
259 752
260 752
261 752
262 752
263 751
264 751
265 751
266 751
267 751
268 751
269 751
270 751
271 751
272 751
273 751
274 751
275 751
276 751
277 751
278 751
279 751
280 751
281 751
282 751
283 751
284 751
285 751
286 751
287 751
288 751
289 751
290 751
291 751
292 751
293 751
294 751
295 751
296 751
297 751
298 751
299 751
300 751
301 751
302 751
303 751
304 751
305 751
306 751
307 751
308 751
309 751
310 751
311 751
312 750
313 750
314 750
315 750
316 750
317 750
318 750
319 750
320 750
321 750
322 750
323 750
324 750
325 750
326 750
327 750
328 750
329 750
330 750
331 750
332 750
333 750
334 750
335 750
336 750
337 750
338 750
339 750
340 750
341 750
342 750
343 750
344 750
345 750
346 750
347 750
348 750
349 750
350 750
351 750
352 750
353 750
354 750
355 750
356 750
357 750
358 750
359 750
360 749
361 749
362 749
363 749
364 749
365 749
366 749
367 749
368 749
369 749
370 749
371 749
372 749
373 749
374 749
375 749
376 749
377 749
378 749
379 749
380 749
381 749
382 749
383 749
384 749
385 749
386 749
387 749
388 748
389 748
390 748
391 748
392 748
393 748
394 748
395 748
396 748
397 748
398 748
399 748
400 748
401 748
402 748
403 748
404 748
405 748
406 748
407 748
408 748
409 748
410 748
411 748
412 748
413 748
414 748
415 748
416 748
417 748
418 748
419 748
420 748
421 748
422 748
423 748
424 748
425 748
426 748
427 748
428 748
429 748
430 748
431 748
432 748
433 748
434 748
435 748
436 748
437 747
438 747
439 747
440 747
441 747
442 747
443 747
444 747
445 747
446 747
447 747
448 747
449 747
450 747
451 747
452 747
453 747
454 747
455 747
456 747
457 747
458 747
459 747
460 747
461 747
462 747
463 747
464 747
465 747
466 747
467 747
468 747
469 747
470 747
471 747
472 747
473 747
474 747
475 747
476 747
477 747
478 747
479 747
480 746
481 746
482 746
483 746
484 746
485 746
486 746
487 746
488 746
489 746
490 746
491 746
492 746
493 746
494 746
495 746
496 746
497 746
498 746
499 746
500 746
501 746
502 746
503 746
504 746
505 746
506 746
507 746
508 746
509 746
510 746
511 746
512 746
513 745
514 745
515 745
516 745
517 745
518 745
519 745
520 745
521 745
522 745
523 745
524 745
525 745
526 745
527 745
528 745
529 745
530 745
531 745
532 745
533 745
534 745
535 745
536 745
537 745
538 745
539 745
540 745
541 745
542 744
543 744
544 744
545 744
546 744
547 745
548 745
549 745
550 745
551 745
552 744
553 744
554 744
555 744
556 744
557 744
558 744
559 744
560 744
561 744
562 744
563 744
564 744
565 744
566 744
567 744
568 744
569 744
570 744
571 744
572 744
573 744
574 744
575 744
576 744
577 744
578 744
579 744
580 744
581 744
582 744
583 744
584 744
585 744
586 744
587 744
588 743
589 743
590 743
591 743
592 743
593 743
594 743
595 743
596 743
597 743
598 743
599 743
600 743
601 743
602 743
603 743
604 743
605 743
606 743
607 743
608 743
609 743
610 743
611 743
612 743
613 743
614 743
615 743
616 742
617 742
618 742
619 742
620 742
621 742
622 742
623 742
624 742
625 742
626 742
627 742
628 742
629 742
630 742
631 742
632 742
633 742
634 742
635 742
636 742
637 742
638 742
639 742
640 742
641 742
642 742
643 742
644 742
645 742
646 742
647 742
648 742
649 742
650 742
651 742
652 742
653 742
654 742
655 742
656 742
657 742
658 742
659 742
660 741
661 741
662 741
663 741
664 741
665 741
666 741
667 741
668 741
669 741
670 741
671 741
672 741
673 741
674 741
675 741
676 741
677 741
678 741
679 741
680 741
681 741
682 741
683 741
684 741
685 741
686 741
687 741
688 741
689 741
690 741
691 740
692 740
693 740
694 740
695 740
696 740
697 740
698 740
699 740
700 740
701 740
702 740
703 740
704 740
705 740
706 740
707 740
708 740
709 740
710 740
711 740
712 740
713 740
714 740
715 740
716 740
717 740
718 740
719 739
720 739
721 739
722 739
723 739
724 739
725 739
726 739
727 739
728 739
729 739
730 739
731 739
732 739
733 739
734 739
735 739
736 739
737 739
738 739
739 739
740 739
741 739
742 739
743 739
744 739
745 739
746 739
747 738
748 738
749 738
750 738
751 738
752 738
753 738
754 738
755 738
756 738
757 738
758 738
759 738
760 738
761 738
762 738
763 738
764 738
765 738
766 738
767 738
768 738
769 738
770 738
771 738
772 738
773 738
774 738
775 738
776 738
777 738
778 738
779 738
780 738
781 738
782 738
783 738
784 738
785 738
786 738
787 738
788 738
789 738
790 738
791 738
792 738
793 737
794 737
795 737
796 737
797 737
798 737
799 737
800 737
801 737
802 737
803 737
804 737
805 737
806 737
807 737
808 737
809 737
810 737
811 737
812 737
813 737
814 737
815 737
816 737
817 737
818 737
819 737
820 737
821 737
822 737
823 737
824 736
825 736
826 736
827 736
828 736
829 736
830 736
831 736
832 736
833 736
834 736
835 736
836 736
837 736
838 736
839 736
840 736
841 736
842 736
843 736
844 736
845 736
846 736
847 736
848 736
849 736
850 736
851 736
852 736
853 735
854 735
855 735
856 735
857 735
858 735
859 735
860 735
861 735
862 735
863 735
864 735
865 735
866 735
867 735
868 735
869 735
870 735
871 735
872 735
873 735
874 735
875 735
876 735
877 735
878 735
879 735
880 735
881 735
882 735
883 734
884 734
885 734
886 734
887 734
888 734
889 734
890 734
891 734
892 734
893 734
894 734
895 734
896 734
897 734
898 734
899 734
900 734
901 734
902 734
903 734
904 734
905 734
906 734
907 734
908 734
909 734
910 734
911 734
912 733
913 733
914 733
915 733
916 733
917 733
918 733
919 733
920 733
921 733
922 733
923 733
924 733
925 733
926 733
927 733
928 733
929 733
930 733
931 733
932 733
933 733
934 733
935 733
936 733
937 733
938 733
939 733
940 733
941 733
942 733
943 733
944 733
945 732
946 732
947 732
948 732
949 732
950 732
951 732
952 732
953 732
954 732
955 732
956 732
957 732
958 732
959 732
960 732
961 732
962 732
963 732
964 732
965 732
966 732
967 732
968 732
969 732
970 732
971 732
972 732
973 732
974 732
975 732
976 732
977 732
978 732
979 732
980 732
981 732
982 732
983 732
984 732
985 732
986 732
987 732
988 732
989 732
990 732
991 732
992 732
993 732
994 732
995 732
996 732
997 732
998 732
999 732
1000 732
1001 732
1002 732
1003 732
1004 732
1005 732
1006 732
1007 732
1008 732
1009 732
1010 732
1011 732
1012 732
1013 732
1014 732
1015 732
1016 732
1017 732
1018 732
1019 732
1020 732
1021 731
1022 731
1023 731
1024 731
1025 731
1026 731
1027 731
1028 731
1029 731
1030 731
1031 731
1032 731
1033 731
1034 731
1035 731
1036 731
1037 731
1038 731
1039 731
1040 731
1041 731
1042 731
1043 731
1044 731
1045 731
1046 731
1047 731
1048 731
1049 731
1050 731
1051 731
1052 731
1053 731
1054 731
1055 731
1056 731
1057 731
1058 731
1059 731
1060 731
1061 731
1062 731
1063 731
1064 731
1065 731
1066 730
1067 730
1068 730
1069 730
1070 730
1071 730
1072 730
1073 730
1074 730
1075 730
1076 730
1077 730
1078 730
1079 730
1080 730
1081 730
1082 730
1083 730
1084 730
1085 730
1086 730
1087 730
1088 730
1089 730
1090 730
1091 730
1092 730
1093 730
1094 730
1095 730
1096 730
1097 730
1098 730
1099 730
1100 730
1101 730
1102 729
1103 729
1104 729
1105 729
1106 729
1107 729
1108 729
1109 729
1110 729
1111 729
1112 729
1113 729
1114 729
1115 729
1116 729
1117 729
1118 729
1119 729
1120 729
1121 729
1122 729
1123 729
1124 729
1125 729
1126 729
1127 729
1128 729
1129 729
1130 729
1131 729
1132 728
1133 728
1134 728
1135 728
1136 728
1137 728
1138 728
1139 728
1140 728
1141 728
1142 728
1143 728
1144 728
1145 728
1146 728
1147 728
1148 728
1149 728
1150 728
1151 728
1152 728
1153 728
1154 728
1155 728
1156 728
1157 728
1158 728
1159 728
1160 728
1161 727
1162 727
1163 727
1164 727
1165 727
1166 727
1167 727
1168 727
1169 727
1170 727
1171 727
1172 727
1173 727
1174 727
1175 727
1176 727
1177 727
1178 727
1179 727
1180 727
1181 727
1182 727
1183 727
1184 727
1185 727
1186 727
1187 727
1188 727
1189 727
1190 726
1191 726
1192 726
1193 726
1194 726
1195 726
1196 726
1197 726
1198 726
1199 726
1200 726
1201 726
1202 726
1203 726
1204 726
1205 726
1206 726
1207 726
1208 726
1209 726
1210 726
1211 726
1212 726
1213 726
1214 726
1215 725
1216 725
1217 725
1218 725
1219 725
1220 725
1221 725
1222 725
1223 725
1224 725
1225 725
1226 725
1227 725
1228 725
1229 725
1230 725
1231 725
1232 725
1233 725
1234 725
1235 725
1236 725
1237 725
1238 725
1239 724
1240 724
1241 724
1242 724
1243 724
1244 724
1245 724
1246 724
1247 724
1248 724
1249 724
1250 724
1251 724
1252 724
1253 724
1254 724
1255 724
1256 724
1257 724
1258 724
1259 724
1260 724
1261 724
1262 724
1263 724
1264 724
1265 723
1266 723
1267 723
1268 723
1269 723
1270 723
1271 723
1272 723
1273 723
1274 723
1275 723
1276 723
1277 723
1278 723
1279 723
1280 723
1281 723
1282 723
1283 723
1284 723
1285 723
1286 723
1287 723
1288 723
1289 723
1290 723
1291 723
1292 723
1293 723
1294 722
1295 722
1296 722
1297 722
1298 722
1299 722
1300 722
1301 722
1302 722
1303 722
1304 722
1305 722
1306 722
1307 722
1308 722
1309 722
1310 722
1311 722
1312 722
1313 722
1314 722
1315 722
1316 722
1317 722
1318 722
1319 722
1320 722
1321 722
1322 721
1323 721
1324 721
1325 721
1326 721
1327 721
1328 721
1329 721
1330 721
1331 721
1332 721
1333 721
1334 721
1335 721
1336 721
1337 721
1338 721
1339 721
1340 721
1341 721
1342 721
1343 721
1344 721
1345 721
1346 721
1347 721
1348 721
1349 721
1350 720
1351 720
1352 720
1353 720
1354 720
1355 720
1356 720
1357 720
1358 720
1359 720
1360 720
1361 720
1362 720
1363 720
1364 720
1365 720
1366 720
1367 720
1368 720
1369 720
1370 720
1371 720
1372 720
1373 720
1374 720
1375 720
1376 720
1377 719
1378 719
1379 719
1380 719
1381 719
1382 719
1383 719
1384 719
1385 719
1386 719
1387 719
1388 719
1389 719
1390 719
1391 719
1392 719
1393 719
1394 719
1395 719
1396 719
1397 719
1398 719
1399 719
1400 719
1401 719
1402 718
1403 718
1404 718
1405 718
1406 718
1407 718
1408 718
1409 718
1410 718
1411 718
1412 718
1413 718
1414 718
1415 718
1416 718
1417 718
1418 718
1419 718
1420 718
1421 718
1422 717
1423 717
1424 717
1425 717
1426 717
1427 717
1428 717
1429 717
1430 717
1431 717
1432 717
1433 717
1434 717
1435 717
1436 717
1437 717
1438 717
1439 717
1440 717
1441 716
1442 716
1443 716
1444 716
1445 716
1446 716
1447 716
1448 716
1449 716
1450 716
1451 716
1452 716
1453 716
1454 716
1455 716
1456 716
1457 716
1458 716
1459 716
1460 716
1461 716
1462 716
1463 716
1464 716
1465 716
1466 716
1467 716
1468 716
1469 715
1470 715
1471 715
1472 715
1473 715
1474 715
1475 715
1476 715
1477 715
1478 715
1479 715
1480 715
1481 715
1482 715
1483 715
1484 715
1485 715
1486 715
1487 715
1488 715
1489 715
1490 715
1491 715
1492 715
1493 715
1494 715
1495 715
1496 714
1497 714
1498 714
1499 714
1500 714
1501 714
1502 714
1503 714
1504 714
1505 714
1506 714
1507 714
1508 714
1509 714
1510 714
1511 714
1512 714
1513 714
1514 714
1515 714
1516 714
1517 714
1518 714
1519 714
1520 714
1521 713
1522 713
1523 713
1524 713
1525 713
1526 713
1527 713
1528 713
1529 713
1530 713
1531 713
1532 713
1533 713
1534 713
1535 713
1536 713
1537 713
1538 713
1539 713
1540 712
1541 712
1542 712
1543 712
1544 712
1545 712
1546 712
1547 712
1548 712
1549 712
1550 712
1551 712
1552 712
1553 712
1554 712
1555 712
1556 712
1557 712
1558 712
1559 711
1560 711
1561 711
1562 711
1563 711
1564 711
1565 711
1566 711
1567 711
1568 711
1569 711
1570 711
1571 711
1572 711
1573 711
1574 711
1575 711
1576 711
1577 711
1578 711
1579 711
1580 711
1581 711
1582 711
1583 711
1584 711
1585 711
1586 710
1587 710
1588 710
1589 710
1590 710
1591 710
1592 710
1593 710
1594 710
1595 710
1596 710
1597 710
1598 710
1599 710
1600 710
1601 710
1602 710
1603 710
1604 710
1605 710
1606 710
1607 710
1608 710
1609 710
1610 710
1611 709
1612 709
1613 709
1614 709
1615 709
1616 709
1617 709
1618 709
1619 709
1620 709
1621 709
1622 709
1623 709
1624 709
1625 709
1626 709
1627 709
1628 708
1629 708
1630 708
1631 708
1632 708
1633 708
1634 708
1635 708
1636 708
1637 708
1638 708
1639 708
1640 708
1641 708
1642 708
1643 708
1644 708
1645 708
1646 708
1647 708
1648 708
1649 707
1650 707
1651 707
1652 707
1653 707
1654 707
1655 707
1656 707
1657 707
1658 707
1659 707
1660 707
1661 707
1662 707
1663 707
1664 707
1665 707
1666 707
1667 707
1668 707
1669 707
1670 707
1671 707
1672 707
1673 707
1674 707
1675 707
1676 706
1677 706
1678 706
1679 706
1680 706
1681 706
1682 706
1683 706
1684 706
1685 706
1686 706
1687 706
1688 706
1689 706
1690 706
1691 706
1692 706
1693 706
1694 706
1695 706
1696 706
1697 705
1698 705
1699 705
1700 705
1701 705
1702 705
1703 705
1704 705
1705 705
1706 705
1707 705
1708 705
1709 705
1710 705
1711 705
1712 704
1713 704
1714 704
1715 704
1716 704
1717 704
1718 704
1719 704
1720 704
1721 704
1722 704
1723 704
1724 704
1725 704
1726 704
1727 704
1728 704
1729 704
1730 704
1731 704
1732 704
1733 704
1734 704
1735 704
1736 704
1737 704
1738 704
1739 704
1740 703
1741 703
1742 703
1743 703
1744 703
1745 703
1746 703
1747 703
1748 703
1749 703
1750 703
1751 703
1752 703
1753 703
1754 703
1755 703
1756 703
1757 703
1758 703
1759 703
1760 703
1761 703
1762 702
1763 702
1764 702
1765 702
1766 702
1767 702
1768 702
1769 702
1770 702
1771 702
1772 702
1773 702
1774 702
1775 702
1776 701
1777 701
1778 701
1779 701
1780 701
1781 701
1782 701
1783 701
1784 701
1785 701
1786 701
1787 701
1788 701
1789 701
1790 701
1791 701
1792 701
1793 701
1794 701
1795 701
1796 701
1797 701
1798 701
1799 701
1800 701
1801 701
1802 701
1803 701
1804 700
1805 700
1806 700
1807 700
1808 700
1809 700
1810 700
1811 700
1812 700
1813 700
1814 700
1815 700
1816 700
1817 700
1818 700
1819 700
1820 700
1821 700
1822 700
1823 700
1824 700
1825 699
1826 699
1827 699
1828 699
1829 699
1830 699
1831 699
1832 699
1833 699
1834 699
1835 699
1836 699
1837 699
1838 699
1839 699
1840 699
1841 699
1842 698
1843 698
1844 698
1845 698
1846 698
1847 698
1848 698
1849 698
1850 698
1851 698
1852 698
1853 698
1854 698
1855 698
1856 698
1857 698
1858 698
1859 698
1860 698
1861 698
1862 698
1863 698
1864 698
1865 698
1866 698
1867 698
1868 698
1869 698
1870 697
1871 697
1872 697
1873 697
1874 697
1875 697
1876 697
1877 697
1878 697
1879 697
1880 697
1881 697
1882 697
1883 697
1884 697
1885 697
1886 697
1887 697
1888 696
1889 696
1890 696
1891 696
1892 696
1893 696
1894 696
1895 696
1896 696
1897 696
1898 696
1899 696
1900 696
1901 696
1902 696
1903 696
1904 696
1905 696
1906 696
1907 696
1908 696
1909 696
1910 696
1911 696
1912 695
1913 695
1914 695
1915 695
1916 695
1917 695
1918 695
1919 695
1920 695
1921 695
1922 695
1923 695
1924 695
1925 695
1926 695
1927 695
1928 695
1929 695
1930 695
1931 695
1932 695
1933 695
1934 695
1935 695
1936 695
1937 694
1938 694
1939 694
1940 694
1941 694
1942 694
1943 694
1944 694
1945 694
1946 694
1947 694
1948 694
1949 694
1950 694
1951 694
1952 694
1953 694
1954 694
1955 694
1956 693
1957 693
1958 693
1959 693
1960 693
1961 693
1962 693
1963 693
1964 693
1965 693
1966 693
1967 693
1968 693
1969 693
1970 693
1971 693
1972 693
1973 693
1974 693
1975 693
1976 693
1977 693
1978 693
1979 693
1980 693
1981 693
1982 693
1983 693
1984 693
1985 693
1986 693
1987 693
1988 693
1989 693
1990 692
1991 692
1992 692
1993 692
1994 692
1995 692
1996 692
1997 692
1998 692
1999 692
2000 692
2001 692
2002 692
2003 692
2004 692
2005 692
2006 692
2007 692
2008 692
2009 691
2010 691
2011 691
2012 691
2013 691
2014 691
2015 691
2016 691
2017 691
2018 691
2019 691
2020 691
2021 691
2022 691
2023 691
2024 691
2025 691
2026 691
2027 691
2028 691
2029 691
2030 691
2031 691
2032 691
2033 691
2034 691
2035 691
2036 691
2037 691
2038 691
2039 691
2040 691
2041 691
2042 691
2043 691
2044 691
2045 691
2046 691
2047 691
0 685
1 685
2 684
3 684
4 684
5 684
6 684
7 684
8 684
9 684
10 684
11 684
12 684
13 684
14 684
15 684
16 684
17 684
18 684
19 684
20 684
21 684
22 684
23 684
24 684
25 684
26 684
27 683
28 683
29 683
30 683
31 683
32 683
33 683
34 683
35 683
36 683
37 683
38 683
39 683
40 683
41 683
42 683
43 683
44 683
45 683
46 683
47 683
48 683
49 683
50 683
51 683
52 682
53 682
54 682
55 682
56 682
57 682
58 682
59 682
60 682
61 682
62 682
63 682
64 682
65 682
66 682
67 682
68 682
69 682
70 682
71 682
72 682
73 682
74 682
75 682
76 682
77 681
78 681
79 681
80 681
81 681
82 681
83 681
84 681
85 681
86 681
87 681
88 681
89 681
90 681
91 681
92 681
93 681
94 681
95 681
96 681
97 681
98 681
99 681
100 681
101 681
102 681
103 681
104 681
105 681
106 681
107 681
108 681
109 681
110 681
111 681
112 681
113 681
114 681
115 681
116 681
117 681
118 681
119 681
120 680
121 680
122 680
123 680
124 680
125 680
126 680
127 680
128 680
129 680
130 680
131 680
132 680
133 680
134 680
135 680
136 680
137 680
138 680
139 680
140 680
141 680
142 680
143 680
144 680
145 680
146 679
147 679
148 679
149 679
150 679
151 679
152 679
153 679
154 679
155 679
156 679
157 679
158 679
159 679
160 679
161 679
162 679
163 679
164 679
165 679
166 679
167 679
168 679
169 679
170 679
171 679
172 679
173 679
174 679
175 679
176 679
177 679
178 679
179 679
180 679
181 679
182 679
183 679
184 679
185 679
186 679
187 679
188 679
189 678
190 678
191 678
192 678
193 678
194 678
195 678
196 678
197 678
198 678
199 678
200 678
201 678
202 678
203 678
204 678
205 678
206 678
207 678
208 678
209 678
210 678
211 678
212 678
213 678
214 678
215 678
216 677
217 677
218 677
219 677
220 677
221 677
222 677
223 677
224 677
225 677
226 677
227 677
228 677
229 677
230 677
231 677
232 677
233 677
234 677
235 677
236 677
237 677
238 677
239 677
240 677
241 677
242 677
243 677
244 677
245 677
246 677
247 677
248 677
249 677
250 677
251 677
252 677
253 677
254 677
255 677
256 677
257 677
258 677
259 677
260 676
261 676
262 676
263 676
264 676
265 676
266 676
267 676
268 676
269 676
270 676
271 676
272 676
273 676
274 676
275 676
276 676
277 676
278 676
279 676
280 676
281 676
282 676
283 676
284 676
285 676
286 676
287 675
288 675
289 675
290 675
291 675
292 675
293 675
294 675
295 675
296 675
297 675
298 675
299 675
300 675
301 675
302 675
303 675
304 675
305 675
306 675
307 675
308 675
309 675
310 675
311 675
312 675
313 675
314 675
315 675
316 675
317 675
318 675
319 675
320 675
321 675
322 675
323 675
324 675
325 675
326 675
327 675
328 675
329 675
330 675
331 675
332 674
333 674
334 674
335 674
336 674
337 674
338 674
339 674
340 674
341 674
342 674
343 674
344 674
345 674
346 674
347 674
348 674
349 674
350 674
351 674
352 674
353 674
354 674
355 674
356 674
357 674
358 674
359 674
360 674
361 674
362 674
363 674
364 674
365 674
366 674
367 674
368 674
369 674
370 674
371 674
372 674
373 674
374 673
375 673
376 673
377 673
378 673
379 673
380 673
381 673
382 673
383 673
384 673
385 673
386 673
387 673
388 673
389 673
390 673
391 673
392 673
393 673
394 673
395 673
396 673
397 673
398 673
399 673
400 673
401 673
402 672
403 672
404 672
405 672
406 672
407 672
408 672
409 672
410 672
411 672
412 672
413 672
414 672
415 672
416 672
417 672
418 672
419 672
420 672
421 672
422 672
423 672
424 672
425 672
426 672
427 672
428 672
429 672
430 672
431 672
432 672
433 672
434 672
435 672
436 672
437 672
438 672
439 672
440 672
441 672
442 672
443 672
444 672
445 672
446 671
447 671
448 671
449 671
450 671
451 671
452 671
453 671
454 671
455 671
456 671
457 671
458 671
459 671
460 671
461 671
462 671
463 671
464 671
465 671
466 671
467 671
468 671
469 671
470 671
471 671
472 670
473 670
474 670
475 670
476 670
477 670
478 670
479 670
480 670
481 670
482 670
483 670
484 670
485 670
486 670
487 670
488 670
489 670
490 670
491 670
492 670
493 670
494 670
495 670
496 670
497 670
498 670
499 670
500 670
501 670
502 670
503 670
504 670
505 670
506 670
507 670
508 670
509 670
510 670
511 670
512 670
513 670
514 670
515 669
516 669
517 669
518 669
519 669
520 669
521 669
522 669
523 669
524 669
525 669
526 669
527 669
528 669
529 669
530 669
531 669
532 669
533 669
534 669
535 669
536 669
537 669
538 669
539 669
540 669
541 668
542 668
543 668
544 668
545 668
546 668
547 668
548 668
549 668
550 668
551 668
552 668
553 668
554 668
555 668
556 668
557 668
558 668
559 668
560 668
561 668
562 668
563 668
564 668
565 668
566 668
567 668
568 668
569 668
570 668
571 668
572 668
573 668
574 668
575 668
576 668
577 668
578 668
579 668
580 668
581 667
582 667
583 667
584 667
585 667
586 667
587 667
588 667
589 667
590 667
591 667
592 667
593 667
594 667
595 667
596 667
597 667
598 667
599 667
600 667
601 667
602 667
603 667
604 667
605 667
606 667
607 667
608 667
609 666
610 666
611 666
612 666
613 666
614 666
615 666
616 666
617 666
618 666
619 666
620 666
621 666
622 666
623 666
624 666
625 666
626 666
627 666
628 666
629 666
630 666
631 666
632 666
633 666
634 665
635 665
636 665
637 665
638 665
639 665
640 665
641 665
642 665
643 665
644 665
645 665
646 665
647 665
648 665
649 665
650 665
651 665
652 665
653 665
654 665
655 665
656 665
657 665
658 665
659 665
660 665
661 665
662 665
663 665
664 665
665 665
666 665
667 665
668 665
669 665
670 665
671 665
672 665
673 665
674 664
675 664
676 664
677 664
678 664
679 664
680 664
681 664
682 664
683 664
684 664
685 664
686 664
687 664
688 664
689 664
690 664
691 664
692 664
693 664
694 664
695 664
696 664
697 664
698 664
699 664
700 664
701 663
702 663
703 663
704 663
705 663
706 663
707 663
708 663
709 663
710 663
711 663
712 663
713 663
714 663
715 663
716 663
717 663
718 663
719 663
720 663
721 663
722 663
723 663
724 663
725 662
726 662
727 662
728 662
729 662
730 662
731 662
732 662
733 662
734 662
735 662
736 662
737 662
738 662
739 662
740 662
741 662
742 662
743 662
744 662
745 662
746 662
747 662
748 662
749 662
750 661
751 661
752 661
753 661
754 661
755 661
756 661
757 661
758 661
759 661
760 661
761 661
762 661
763 661
764 661
765 661
766 661
767 661
768 661
769 661
770 661
771 661
772 661
773 661
774 661
775 661
776 661
777 661
778 661
779 661
780 661
781 661
782 661
783 661
784 661
785 661
786 661
787 660
788 660
789 660
790 660
791 660
792 660
793 660
794 660
795 660
796 660
797 660
798 660
799 660
800 660
801 660
802 660
803 660
804 660
805 660
806 660
807 660
808 660
809 660
810 660
811 660
812 660
813 660
814 659
815 659
816 659
817 659
818 659
819 659
820 659
821 659
822 659
823 659
824 659
825 659
826 659
827 659
828 659
829 659
830 659
831 659
832 659
833 659
834 659
835 659
836 659
837 659
838 659
839 658
840 658
841 658
842 658
843 658
844 658
845 658
846 658
847 658
848 658
849 658
850 658
851 658
852 658
853 658
854 658
855 658
856 658
857 658
858 658
859 658
860 658
861 658
862 657
863 657
864 657
865 657
866 657
867 657
868 657
869 657
870 657
871 657
872 657
873 657
874 657
875 657
876 657
877 657
878 657
879 657
880 657
881 657
882 657
883 657
884 657
885 657
886 656
887 656
888 656
889 656
890 656
891 656
892 656
893 656
894 656
895 656
896 656
897 656
898 656
899 656
900 656
901 656
902 656
903 656
904 656
905 656
906 656
907 656
908 656
909 655
910 655
911 655
912 655
913 655
914 655
915 655
916 655
917 655
918 655
919 655
920 655
921 655
922 655
923 655
924 655
925 655
926 655
927 655
928 655
929 655
930 655
931 655
932 655
933 654
934 654
935 654
936 654
937 654
938 654
939 654
940 654
941 654
942 654
943 654
944 654
945 654
946 654
947 654
948 654
949 654
950 654
951 654
952 654
953 654
954 654
955 654
956 654
957 654
958 654
959 654
960 654
961 653
962 653
963 653
964 653
965 653
966 653
967 653
968 653
969 653
970 653
971 653
972 653
973 653
974 653
975 653
976 653
977 653
978 653
979 653
980 653
981 653
982 653
983 653
984 653
985 653
986 653
987 653
988 653
989 653
990 652
991 652
992 652
993 652
994 652
995 652
996 652
997 652
998 652
999 652
1000 652
1001 652
1002 652
1003 652
1004 652
1005 652
1006 652
1007 652
1008 652
1009 652
1010 652
1011 652
1012 652
1013 652
1014 651
1015 651
1016 651
1017 651
1018 651
1019 651
1020 651
1021 651
1022 651
1023 651
1024 651
1025 651
1026 651
1027 651
1028 651
1029 651
1030 651
1031 651
1032 651
1033 651
1034 651
1035 651
1036 651
1037 651
1038 650
1039 650
1040 650
1041 650
1042 650
1043 650
1044 650
1045 650
1046 650
1047 650
1048 650
1049 650
1050 650
1051 650
1052 650
1053 650
1054 650
1055 650
1056 650
1057 650
1058 650
1059 650
1060 650
1061 649
1062 649
1063 649
1064 649
1065 649
1066 649
1067 649
1068 649
1069 649
1070 649
1071 649
1072 649
1073 649
1074 649
1075 649
1076 649
1077 649
1078 649
1079 649
1080 649
1081 649
1082 649
1083 649
1084 649
1085 649
1086 649
1087 649
1088 649
1089 649
1090 649
1091 649
1092 649
1093 649
1094 649
1095 649
1096 649
1097 649
1098 649
1099 649
1100 649
1101 648
1102 648
1103 648
1104 648
1105 648
1106 648
1107 648
1108 648
1109 648
1110 648
1111 648
1112 648
1113 648
1114 648
1115 648
1116 648
1117 648
1118 648
1119 648
1120 648
1121 648
1122 648
1123 648
1124 648
1125 648
1126 648
1127 648
1128 648
1129 648
1130 648
1131 648
1132 648
1133 648
1134 648
1135 648
1136 648
1137 648
1138 648
1139 648
1140 648
1141 648
1142 648
1143 648
1144 648
1145 648
1146 648
1147 648
1148 648
1149 648
1150 648
1151 648
1152 648
1153 648
1154 648
1155 648
1156 648
1157 648
1158 648
1159 648
1160 648
1161 648
1162 648
1163 648
1164 648
1165 648
1166 648
1167 648
1168 648
1169 648
1170 648
1171 648
1172 648
1173 648
1174 648
1175 648
1176 648
1177 648
1178 648
1179 648
1180 648
1181 648
1182 648
1183 648
1184 648
1185 648
1186 648
1187 648
1188 648
1189 648
1190 648
1191 648
1192 648
1193 648
1194 648
1195 648
1196 648
1197 648
1198 648
1199 647
1200 647
1201 647
1202 647
1203 647
1204 647
1205 647
1206 647
1207 647
1208 647
1209 647
1210 647
1211 647
1212 647
1213 647
1214 647
1215 647
1216 647
1217 647
1218 647
1219 647
1220 647
1221 647
1222 647
1223 647
1224 647
1225 647
1226 647
1227 647
1228 647
1229 647
1230 647
1231 647
1232 647
1233 647
1234 647
1235 647
1236 647
1237 647
1238 647
1239 647
1240 647
1241 647
1242 647
1243 647
1244 647
1245 647
1246 647
1247 647
1248 647
1249 647
1250 647
1251 647
1252 647
1253 647
1254 647
1255 647
1256 647
1257 646
1258 646
1259 646
1260 646
1261 646
1262 646
1263 646
1264 646
1265 646
1266 646
1267 646
1268 646
1269 646
1270 646
1271 646
1272 646
1273 646
1274 646
1275 646
1276 646
1277 646
1278 646
1279 646
1280 646
1281 646
1282 646
1283 646
1284 646
1285 646
1286 646
1287 646
1288 646
1289 646
1290 646
1291 646
1292 646
1293 646
1294 646
1295 646
1296 646
1297 646
1298 646
1299 646
1300 646
1301 646
1302 646
1303 646
1304 646
1305 646
1306 646
1307 646
1308 646
1309 646
1310 646
1311 646
1312 646
1313 646
1314 646
1315 646
1316 646
1317 646
1318 646
1319 646
1320 646
1321 646
1322 646
1323 646
1324 646
1325 646
1326 646
1327 646
1328 646
1329 646
1330 646
1331 646
1332 646
1333 646
1334 646
1335 646
1336 646
1337 646
1338 646
1339 646
1340 646
1341 646
1342 646
1343 645
1344 645
1345 645
1346 645
1347 645
1348 645
1349 645
1350 645
1351 645
1352 645
1353 645
1354 645
1355 645
1356 645
1357 645
1358 645
1359 645
1360 645
1361 645
1362 645
1363 645
1364 645
1365 645
1366 645
1367 645
1368 645
1369 645
1370 645
1371 645
1372 645
1373 645
1374 645
1375 645
1376 645
1377 645
1378 645
1379 645
1380 645
1381 645
1382 645
1383 645
1384 645
1385 645
1386 645
1387 645
1388 645
1389 645
1390 645
1391 645
1392 645
1393 645
1394 645
1395 645
1396 645
1397 645
1398 645
1399 645
1400 645
1401 645
1402 645
1403 645
1404 645
1405 645
1406 645
1407 645
1408 645
1409 645
1410 645
1411 645
1412 645
1413 645
1414 645
1415 644
1416 644
1417 644
1418 644
1419 644
1420 644
1421 644
1422 644
1423 644
1424 644
1425 644
1426 644
1427 644
1428 644
1429 644
1430 644
1431 644
1432 644
1433 644
1434 644
1435 644
1436 644
1437 644
1438 644
1439 644
1440 644
1441 644
1442 644
1443 644
1444 644
1445 644
1446 644
1447 644
1448 644
1449 644
1450 644
1451 644
1452 644
1453 644
1454 644
1455 644
1456 643
1457 643
1458 643
1459 643
1460 643
1461 643
1462 643
1463 643
1464 643
1465 643
1466 643
1467 643
1468 643
1469 643
1470 643
1471 643
1472 643
1473 643
1474 643
1475 643
1476 643
1477 643
1478 643
1479 643
1480 643
1481 643
1482 643
1483 643
1484 643
1485 643
1486 643
1487 643
1488 643
1489 643
1490 643
1491 643
1492 643
1493 643
1494 643
1495 643
1496 643
1497 643
1498 643
1499 643
1500 643
1501 643
1502 643
1503 643
1504 643
1505 643
1506 643
1507 643
1508 643
1509 643
1510 643
1511 643
1512 643
1513 643
1514 643
1515 643
1516 643
1517 643
1518 643
1519 643
1520 643
1521 643
1522 643
1523 643
1524 643
1525 643
1526 642
1527 642
1528 642
1529 642
1530 642
1531 642
1532 642
1533 642
1534 642
1535 642
1536 642
1537 642
1538 642
1539 642
1540 642
1541 642
1542 642
1543 642
1544 642
1545 642
1546 642
1547 642
1548 642
1549 642
1550 642
1551 642
1552 642
1553 642
1554 642
1555 642
1556 642
1557 642
1558 642
1559 642
1560 642
1561 642
1562 642
1563 642
1564 641
1565 641
1566 641
1567 641
1568 641
1569 641
1570 641
1571 641
1572 641
1573 641
1574 641
1575 641
1576 641
1577 641
1578 641
1579 641
1580 641
1581 641
1582 641
1583 641
1584 641
1585 641
1586 641
1587 641
1588 641
1589 641
1590 641
1591 641
1592 641
1593 641
1594 641
1595 641
1596 641
1597 641
1598 641
1599 641
1600 641
1601 641
1602 641
1603 641
1604 641
1605 641
1606 641
1607 641
1608 641
1609 641
1610 641
1611 641
1612 641
1613 641
1614 641
1615 641
1616 641
1617 641
1618 640
1619 640
1620 640
1621 640
1622 640
1623 640
1624 640
1625 640
1626 640
1627 640
1628 640
1629 640
1630 640
1631 640
1632 640
1633 640
1634 640
1635 640
1636 640
1637 640
1638 640
1639 640
1640 640
1641 640
1642 640
1643 640
1644 640
1645 640
1646 640
1647 640
1648 640
1649 640
1650 640
1651 640
1652 640
1653 640
1654 640
1655 640
1656 640
1657 640
1658 640
1659 640
1660 640
1661 640
1662 640
1663 640
1664 640
1665 639
1666 639
1667 639
1668 639
1669 639
1670 639
1671 639
1672 639
1673 639
1674 639
1675 639
1676 639
1677 639
1678 639
1679 639
1680 639
1681 639
1682 639
1683 639
1684 639
1685 639
1686 639
1687 639
1688 639
1689 639
1690 639
1691 639
1692 639
1693 639
1694 639
1695 639
1696 639
1697 638
1698 638
1699 638
1700 638
1701 638
1702 638
1703 638
1704 638
1705 638
1706 638
1707 638
1708 638
1709 638
1710 638
1711 638
1712 638
1713 638
1714 638
1715 638
1716 638
1717 638
1718 638
1719 638
1720 638
1721 638
1722 638
1723 638
1724 638
1725 638
1726 638
1727 638
1728 638
1729 638
1730 638
1731 638
1732 638
1733 638
1734 638
1735 638
1736 638
1737 638
1738 638
1739 638
1740 638
1741 638
1742 638
1743 638
1744 638
1745 638
1746 638
1747 638
1748 638
1749 638
1750 638
1751 637
1752 637
1753 637
1754 637
1755 637
1756 637
1757 637
1758 637
1759 637
1760 637
1761 637
1762 637
1763 637
1764 637
1765 637
1766 637
1767 637
1768 637
1769 637
1770 637
1771 637
1772 637
1773 637
1774 637
1775 637
1776 637
1777 637
1778 637
1779 637
1780 637
1781 636
1782 636
1783 636
1784 636
1785 636
1786 636
1787 636
1788 636
1789 636
1790 636
1791 636
1792 636
1793 636
1794 636
1795 636
1796 636
1797 636
1798 636
1799 636
1800 636
1801 636
1802 636
1803 636
1804 636
1805 636
1806 636
1807 636
1808 636
1809 636
1810 636
1811 636
1812 636
1813 636
1814 636
1815 636
1816 636
1817 636
1818 636
1819 636
1820 636
1821 635
1822 635
1823 635
1824 635
1825 635
1826 635
1827 635
1828 635
1829 635
1830 635
1831 635
1832 635
1833 635
1834 635
1835 635
1836 635
1837 635
1838 635
1839 635
1840 635
1841 635
1842 635
1843 635
1844 635
1845 635
1846 635
1847 635
1848 635
1849 635
1850 635
1851 635
1852 635
1853 635
1854 635
1855 635
1856 635
1857 635
1858 635
1859 635
1860 635
1861 635
1862 635
1863 635
1864 635
1865 635
1866 635
1867 635
1868 634
1869 634
1870 634
1871 634
1872 634
1873 634
1874 634
1875 634
1876 634
1877 634
1878 634
1879 634
1880 634
1881 634
1882 634
1883 634
1884 634
1885 634
1886 634
1887 634
1888 634
1889 634
1890 634
1891 634
1892 634
1893 633
1894 633
1895 633
1896 633
1897 633
1898 633
1899 633
1900 633
1901 633
1902 633
1903 633
1904 633
1905 633
1906 633
1907 633
1908 633
1909 633
1910 633
1911 633
1912 633
1913 633
1914 633
1915 633
1916 633
1917 633
1918 633
1919 633
1920 633
1921 633
1922 633
1923 633
1924 633
1925 633
1926 633
1927 633
1928 633
1929 633
1930 633
1931 633
1932 633
1933 633
1934 633
1935 633
1936 633
1937 632
1938 632
1939 632
1940 632
1941 632
1942 632
1943 632
1944 632
1945 632
1946 632
1947 632
1948 632
1949 632
1950 632
1951 632
1952 632
1953 632
1954 632
1955 632
1956 632
1957 632
1958 632
1959 632
1960 632
1961 632
1962 632
1963 632
1964 632
1965 632
1966 632
1967 632
1968 632
1969 632
1970 632
1971 632
1972 632
1973 632
1974 632
1975 632
1976 632
1977 632
1978 632
1979 632
1980 632
1981 632
1982 631
1983 631
1984 631
1985 631
1986 631
1987 631
1988 631
1989 631
1990 631
1991 631
1992 631
1993 631
1994 631
1995 631
1996 631
1997 631
1998 631
1999 631
2000 631
2001 631
2002 631
2003 631
2004 631
2005 631
2006 630
2007 630
2008 630
2009 630
2010 630
2011 630
2012 630
2013 630
2014 630
2015 630
2016 630
2017 630
2018 630
2019 630
2020 630
2021 630
2022 630
2023 630
2024 630
2025 630
2026 630
2027 630
2028 630
2029 630
2030 630
2031 630
2032 630
2033 630
2034 630
2035 630
2036 630
2037 630
2038 630
2039 630
2040 630
2041 630
2042 630
2043 630
2044 630
2045 630
2046 630
2047 630
0 650
1 650
2 650
3 650
4 650
5 650
6 650
7 650
8 650
9 650
10 650
11 650
12 650
13 650
14 650
15 650
16 649
17 649
18 649
19 649
20 649
21 649
22 649
23 649
24 649
25 649
26 649
27 649
28 649
29 649
30 649
31 649
32 649
33 649
34 648
35 648
36 648
37 648
38 648
39 648
40 648
41 648
42 648
43 648
44 648
45 648
46 648
47 648
48 648
49 648
50 648
51 647
52 647
53 647
54 647
55 647
56 647
57 647
58 647
59 647
60 647
61 647
62 647
63 647
64 647
65 647
66 647
67 647
68 647
69 647
70 646
71 646
72 646
73 646
74 646
75 646
76 646
77 646
78 646
79 646
80 646
81 646
82 646
83 646
84 646
85 646
86 646
87 646
88 645
89 645
90 645
91 645
92 645
93 645
94 645
95 645
96 645
97 645
98 645
99 645
100 645
101 645
102 645
103 645
104 645
105 645
106 645
107 645
108 645
109 645
110 645
111 645
112 645
113 645
114 645
115 645
116 645
117 644
118 644
119 644
120 644
121 644
122 644
123 644
124 644
125 644
126 644
127 644
128 644
129 644
130 644
131 644
132 644
133 644
134 644
135 644
136 644
137 643
138 643
139 643
140 643
141 643
142 643
143 643
144 643
145 643
146 643
147 643
148 643
149 643
150 643
151 643
152 643
153 643
154 643
155 643
156 642
157 642
158 642
159 642
160 642
161 642
162 642
163 642
164 642
165 642
166 642
167 642
168 642
169 642
170 642
171 642
172 642
173 642
174 642
175 641
176 641
177 641
178 641
179 641
180 641
181 641
182 641
183 641
184 641
185 641
186 641
187 641
188 641
189 641
190 641
191 641
192 641
193 641
194 641
195 641
196 641
197 641
198 641
199 641
200 641
201 641
202 641
203 641
204 641
205 640
206 640
207 640
208 640
209 640
210 640
211 640
212 640
213 640
214 640
215 640
216 640
217 640
218 640
219 640
220 640
221 640
222 640
223 640
224 640
225 639
226 639
227 639
228 639
229 639
230 639
231 639
232 639
233 639
234 639
235 639
236 639
237 639
238 639
239 639
240 639
241 639
242 639
243 639
244 638
245 638
246 638
247 638
248 638
249 638
250 638
251 638
252 638
253 638
254 638
255 638
256 638
257 638
258 638
259 638
260 638
261 638
262 638
263 638
264 638
265 638
266 638
267 638
268 638
269 638
270 638
271 638
272 638
273 638
274 638
275 638
276 637
277 637
278 637
279 637
280 637
281 637
282 637
283 637
284 637
285 637
286 637
287 637
288 637
289 637
290 637
291 637
292 637
293 637
294 637
295 636
296 636
297 636
298 636
299 636
300 636
301 636
302 636
303 636
304 636
305 636
306 636
307 636
308 636
309 636
310 636
311 636
312 636
313 636
314 636
315 635
316 635
317 635
318 635
319 635
320 635
321 635
322 635
323 635
324 635
325 635
326 635
327 635
328 635
329 635
330 635
331 635
332 635
333 635
334 635
335 635
336 635
337 635
338 635
339 635
340 635
341 635
342 635
343 635
344 635
345 635
346 634
347 634
348 634
349 634
350 634
351 634
352 634
353 634
354 634
355 634
356 634
357 634
358 634
359 634
360 634
361 634
362 634
363 634
364 634
365 634
366 633
367 633
368 633
369 633
370 633
371 633
372 633
373 633
374 633
375 633
376 633
377 633
378 633
379 633
380 633
381 633
382 633
383 633
384 633
385 633
386 633
387 633
388 633
389 633
390 633
391 633
392 633
393 633
394 633
395 633
396 632
397 632
398 632
399 632
400 632
401 632
402 632
403 632
404 632
405 632
406 632
407 632
408 632
409 632
410 632
411 632
412 632
413 632
414 632
415 632
416 632
417 631
418 631
419 631
420 631
421 631
422 631
423 631
424 631
425 631
426 631
427 631
428 631
429 631
430 631
431 631
432 631
433 631
434 631
435 631
436 631
437 630
438 630
439 630
440 630
441 630
442 630
443 630
444 630
445 630
446 630
447 630
448 630
449 630
450 630
451 630
452 630
453 630
454 630
455 630
456 630
457 630
458 630
459 630
460 630
461 630
462 630
463 630
464 630
465 630
466 630
467 629
468 629
469 629
470 629
471 629
472 629
473 629
474 629
475 629
476 629
477 629
478 629
479 629
480 629
481 629
482 629
483 629
484 629
485 629
486 629
487 628
488 628
489 628
490 628
491 628
492 628
493 628
494 628
495 628
496 628
497 628
498 628
499 628
500 628
501 628
502 628
503 628
504 628
505 628
506 628
507 627
508 627
509 627
510 627
511 627
512 627
513 627
514 627
515 627
516 627
517 627
518 627
519 627
520 627
521 627
522 627
523 627
524 627
525 627
526 627
527 627
528 627
529 627
530 627
531 627
532 627
533 627
534 627
535 627
536 626
537 626
538 626
539 626
540 626
541 626
542 626
543 626
544 626
545 626
546 626
547 626
548 626
549 626
550 626
551 626
552 626
553 626
554 626
555 626
556 626
557 625
558 625
559 625
560 625
561 625
562 625
563 625
564 625
565 625
566 625
567 625
568 625
569 625
570 625
571 625
572 625
573 625
574 625
575 625
576 624
577 624
578 624
579 624
580 624
581 624
582 624
583 624
584 624
585 624
586 624
587 624
588 624
589 624
590 624
591 624
592 624
593 624
594 624
595 624
596 623
597 623
598 623
599 623
600 623
601 623
602 623
603 623
604 623
605 623
606 623
607 623
608 623
609 623
610 623
611 623
612 623
613 623
614 623
615 623
616 623
617 623
618 623
619 623
620 623
621 623
622 623
623 623
624 623
625 623
626 622
627 622
628 622
629 622
630 622
631 622
632 622
633 622
634 622
635 622
636 622
637 622
638 622
639 622
640 622
641 622
642 622
643 622
644 622
645 621
646 621
647 621
648 621
649 621
650 621
651 621
652 621
653 621
654 621
655 621
656 621
657 621
658 621
659 621
660 621
661 621
662 621
663 621
664 620
665 620
666 620
667 620
668 620
669 620
670 620
671 620
672 620
673 620
674 620
675 620
676 620
677 620
678 620
679 620
680 620
681 620
682 620
683 619
684 619
685 619
686 619
687 619
688 619
689 619
690 619
691 619
692 619
693 619
694 619
695 619
696 619
697 619
698 619
699 619
700 619
701 619
702 619
703 619
704 619
705 619
706 619
707 619
708 619
709 619
710 618
711 618
712 618
713 618
714 618
715 618
716 618
717 618
718 618
719 618
720 618
721 618
722 618
723 618
724 618
725 618
726 618
727 618
728 618
729 618
730 618
731 618
732 617
733 617
734 617
735 617
736 617
737 617
738 617
739 617
740 617
741 617
742 617
743 617
744 617
745 617
746 617
747 617
748 617
749 617
750 617
751 616
752 616
753 616
754 616
755 616
756 616
757 616
758 616
759 616
760 616
761 616
762 616
763 616
764 616
765 616
766 616
767 616
768 616
769 616
770 615
771 615
772 615
773 615
774 615
775 615
776 615
777 615
778 615
779 615
780 615
781 615
782 615
783 615
784 615
785 615
786 615
787 615
788 615
789 614
790 614
791 614
792 614
793 614
794 614
795 614
796 614
797 614
798 614
799 614
800 614
801 614
802 614
803 614
804 614
805 614
806 614
807 614
808 613
809 613
810 613
811 613
812 613
813 613
814 613
815 613
816 613
817 613
818 613
819 613
820 613
821 613
822 613
823 613
824 613
825 613
826 613
827 613
828 613
829 613
830 613
831 612
832 612
833 612
834 612
835 612
836 612
837 612
838 612
839 612
840 612
841 612
842 612
843 612
844 612
845 612
846 612
847 612
848 612
849 612
850 612
851 612
852 612
853 612
854 611
855 611
856 611
857 611
858 611
859 611
860 611
861 611
862 611
863 611
864 611
865 611
866 611
867 611
868 611
869 611
870 611
871 611
872 611
873 611
874 610
875 610
876 610
877 610
878 610
879 610
880 610
881 610
882 610
883 610
884 610
885 610
886 610
887 610
888 610
889 610
890 610
891 610
892 610
893 610
894 609
895 609
896 609
897 609
898 609
899 609
900 609
901 609
902 609
903 609
904 609
905 609
906 609
907 609
908 609
909 609
910 609
911 609
912 609
913 608
914 608
915 608
916 608
917 608
918 608
919 608
920 608
921 608
922 608
923 608
924 608
925 608
926 608
927 608
928 608
929 608
930 608
931 608
932 607
933 607
934 607
935 607
936 607
937 607
938 607
939 607
940 607
941 607
942 607
943 607
944 607
945 607
946 607
947 607
948 607
949 607
950 607
951 606
952 606
953 606
954 606
955 606
956 606
957 606
958 606
959 606
960 606
961 606
962 606
963 606
964 606
965 606
966 606
967 606
968 606
969 606
970 605
971 605
972 605
973 605
974 605
975 605
976 605
977 605
978 605
979 605
980 605
981 605
982 605
983 605
984 605
985 605
986 605
987 605
988 605
989 604
990 604
991 604
992 604
993 604
994 604
995 604
996 604
997 604
998 604
999 604
1000 604
1001 604
1002 604
1003 604
1004 604
1005 604
1006 604
1007 604
1008 604
1009 603
1010 603
1011 603
1012 603
1013 603
1014 603
1015 603
1016 603
1017 603
1018 603
1019 603
1020 603
1021 603
1022 603
1023 603
1024 603
1025 603
1026 603
1027 603
1028 602
1029 602
1030 602
1031 602
1032 602
1033 602
1034 602
1035 602
1036 602
1037 602
1038 602
1039 602
1040 602
1041 602
1042 602
1043 602
1044 602
1045 602
1046 602
1047 602
1048 602
1049 601
1050 601
1051 601
1052 601
1053 601
1054 601
1055 601
1056 601
1057 601
1058 601
1059 601
1060 601
1061 601
1062 601
1063 601
1064 601
1065 601
1066 601
1067 601
1068 601
1069 601
1070 601
1071 600
1072 600
1073 600
1074 600
1075 600
1076 600
1077 600
1078 600
1079 600
1080 600
1081 600
1082 600
1083 600
1084 600
1085 600
1086 600
1087 600
1088 600
1089 600
1090 600
1091 600
1092 600
1093 600
1094 600
1095 600
1096 600
1097 600
1098 600
1099 600
1100 600
1101 600
1102 600
1103 600
1104 600
1105 600
1106 600
1107 600
1108 600
1109 600
1110 600
1111 600
1112 600
1113 600
1114 600
1115 600
1116 600
1117 600
1118 600
1119 600
1120 600
1121 600
1122 600
1123 600
1124 600
1125 600
1126 599
1127 599
1128 599
1129 599
1130 599
1131 599
1132 599
1133 599
1134 599
1135 599
1136 599
1137 599
1138 599
1139 599
1140 599
1141 599
1142 599
1143 599
1144 599
1145 599
1146 599
1147 599
1148 599
1149 599
1150 599
1151 599
1152 599
1153 599
1154 599
1155 599
1156 599
1157 599
1158 599
1159 599
1160 599
1161 598
1162 598
1163 598
1164 598
1165 598
1166 598
1167 598
1168 598
1169 598
1170 598
1171 598
1172 598
1173 598
1174 598
1175 598
1176 598
1177 598
1178 598
1179 598
1180 598
1181 598
1182 598
1183 598
1184 598
1185 598
1186 598
1187 598
1188 598
1189 598
1190 598
1191 598
1192 598
1193 597
1194 597
1195 597
1196 597
1197 597
1198 597
1199 597
1200 597
1201 597
1202 597
1203 597
1204 597
1205 597
1206 597
1207 597
1208 597
1209 597
1210 597
1211 597
1212 597
1213 597
1214 597
1215 597
1216 597
1217 597
1218 597
1219 597
1220 597
1221 597
1222 597
1223 597
1224 596
1225 596
1226 596
1227 596
1228 596
1229 596
1230 596
1231 596
1232 596
1233 596
1234 596
1235 596
1236 596
1237 596
1238 596
1239 596
1240 596
1241 596
1242 596
1243 596
1244 596
1245 596
1246 596
1247 596
1248 596
1249 596
1250 596
1251 596
1252 596
1253 595
1254 595
1255 595
1256 595
1257 595
1258 595
1259 595
1260 595
1261 595
1262 595
1263 595
1264 595
1265 595
1266 595
1267 595
1268 595
1269 595
1270 595
1271 595
1272 595
1273 595
1274 595
1275 595
1276 595
1277 595
1278 595
1279 595
1280 595
1281 595
1282 594
1283 594
1284 594
1285 594
1286 594
1287 594
1288 594
1289 594
1290 594
1291 594
1292 594
1293 594
1294 594
1295 594
1296 594
1297 594
1298 594
1299 594
1300 594
1301 594
1302 594
1303 594
1304 594
1305 594
1306 594
1307 593
1308 593
1309 593
1310 593
1311 593
1312 593
1313 593
1314 593
1315 593
1316 593
1317 593
1318 593
1319 593
1320 593
1321 593
1322 593
1323 593
1324 593
1325 593
1326 593
1327 593
1328 593
1329 592
1330 592
1331 592
1332 592
1333 592
1334 592
1335 592
1336 592
1337 592
1338 592
1339 592
1340 592
1341 592
1342 592
1343 592
1344 592
1345 592
1346 592
1347 592
1348 592
1349 592
1350 592
1351 592
1352 591
1353 591
1354 591
1355 591
1356 591
1357 591
1358 591
1359 591
1360 591
1361 591
1362 591
1363 591
1364 591
1365 591
1366 591
1367 591
1368 591
1369 591
1370 591
1371 591
1372 591
1373 591
1374 591
1375 591
1376 591
1377 591
1378 591
1379 591
1380 591
1381 591
1382 591
1383 590
1384 590
1385 590
1386 590
1387 590
1388 590
1389 590
1390 590
1391 590
1392 590
1393 590
1394 590
1395 590
1396 590
1397 590
1398 590
1399 590
1400 590
1401 590
1402 590
1403 590
1404 590
1405 590
1406 590
1407 590
1408 590
1409 590
1410 590
1411 590
1412 589
1413 589
1414 589
1415 589
1416 589
1417 589
1418 589
1419 589
1420 589
1421 589
1422 589
1423 589
1424 589
1425 589
1426 589
1427 589
1428 589
1429 589
1430 589
1431 589
1432 589
1433 589
1434 589
1435 589
1436 589
1437 589
1438 588
1439 588
1440 588
1441 588
1442 588
1443 588
1444 588
1445 588
1446 588
1447 588
1448 588
1449 588
1450 588
1451 588
1452 588
1453 588
1454 588
1455 587
1456 587
1457 587
1458 587
1459 587
1460 587
1461 587
1462 587
1463 587
1464 587
1465 587
1466 587
1467 587
1468 587
1469 587
1470 587
1471 587
1472 587
1473 587
1474 587
1475 587
1476 587
1477 587
1478 587
1479 587
1480 587
1481 587
1482 587
1483 586
1484 586
1485 586
1486 586
1487 586
1488 586
1489 586
1490 586
1491 586
1492 586
1493 586
1494 586
1495 586
1496 586
1497 586
1498 586
1499 586
1500 586
1501 586
1502 586
1503 586
1504 586
1505 586
1506 586
1507 586
1508 586
1509 586
1510 586
1511 586
1512 586
1513 585
1514 585
1515 585
1516 585
1517 585
1518 585
1519 585
1520 585
1521 585
1522 585
1523 585
1524 585
1525 585
1526 585
1527 585
1528 585
1529 585
1530 585
1531 585
1532 585
1533 585
1534 585
1535 584
1536 584
1537 584
1538 584
1539 584
1540 584
1541 584
1542 584
1543 584
1544 584
1545 584
1546 584
1547 584
1548 584
1549 584
1550 584
1551 584
1552 584
1553 584
1554 584
1555 584
1556 583
1557 583
1558 583
1559 583
1560 583
1561 583
1562 583
1563 583
1564 583
1565 583
1566 583
1567 583
1568 583
1569 583
1570 583
1571 583
1572 583
1573 583
1574 583
1575 583
1576 583
1577 583
1578 583
1579 583
1580 583
1581 583
1582 583
1583 583
1584 583
1585 583
1586 583
1587 583
1588 583
1589 582
1590 582
1591 582
1592 582
1593 582
1594 582
1595 582
1596 582
1597 582
1598 582
1599 582
1600 582
1601 582
1602 582
1603 582
1604 582
1605 582
1606 582
1607 582
1608 582
1609 582
1610 582
1611 582
1612 581
1613 581
1614 581
1615 581
1616 581
1617 581
1618 581
1619 581
1620 581
1621 581
1622 581
1623 581
1624 581
1625 581
1626 581
1627 581
1628 581
1629 581
1630 581
1631 581
1632 581
1633 581
1634 580
1635 580
1636 580
1637 580
1638 580
1639 580
1640 580
1641 580
1642 580
1643 580
1644 580
1645 580
1646 580
1647 580
1648 580
1649 580
1650 580
1651 580
1652 580
1653 580
1654 580
1655 580
1656 580
1657 580
1658 580
1659 580
1660 580
1661 580
1662 580
1663 580
1664 580
1665 580
1666 580
1667 579
1668 579
1669 579
1670 579
1671 579
1672 579
1673 579
1674 579
1675 579
1676 579
1677 579
1678 579
1679 579
1680 579
1681 579
1682 579
1683 579
1684 579
1685 579
1686 579
1687 578
1688 578
1689 578
1690 578
1691 578
1692 578
1693 578
1694 578
1695 578
1696 578
1697 578
1698 578
1699 578
1700 578
1701 578
1702 578
1703 578
1704 578
1705 578
1706 578
1707 578
1708 578
1709 578
1710 578
1711 578
1712 578
1713 578
1714 578
1715 578
1716 578
1717 578
1718 578
1719 577
1720 577
1721 577
1722 577
1723 577
1724 577
1725 577
1726 577
1727 577
1728 577
1729 577
1730 577
1731 577
1732 577
1733 577
1734 577
1735 577
1736 577
1737 577
1738 577
1739 577
1740 577
1741 577
1742 577
1743 577
1744 577
1745 576
1746 576
1747 576
1748 576
1749 576
1750 576
1751 576
1752 576
1753 576
1754 576
1755 576
1756 576
1757 576
1758 576
1759 576
1760 576
1761 576
1762 576
1763 576
1764 576
1765 576
1766 576
1767 576
1768 576
1769 576
1770 576
1771 576
1772 576
1773 576
1774 576
1775 576
1776 575
1777 575
1778 575
1779 575
1780 575
1781 575
1782 575
1783 575
1784 575
1785 575
1786 575
1787 575
1788 575
1789 575
1790 575
1791 575
1792 575
1793 575
1794 575
1795 575
1796 575
1797 575
1798 575
1799 575
1800 575
1801 575
1802 575
1803 575
1804 575
1805 574
1806 574
1807 574
1808 574
1809 574
1810 574
1811 574
1812 574
1813 574
1814 574
1815 574
1816 574
1817 574
1818 574
1819 574
1820 574
1821 574
1822 574
1823 574
1824 574
1825 574
1826 574
1827 574
1828 574
1829 574
1830 574
1831 574
1832 574
1833 574
1834 574
1835 574
1836 574
1837 574
1838 574
1839 574
1840 574
1841 574
1842 574
1843 574
1844 574
1845 573
1846 573
1847 573
1848 573
1849 573
1850 573
1851 573
1852 573
1853 573
1854 573
1855 573
1856 573
1857 573
1858 573
1859 573
1860 573
1861 573
1862 573
1863 573
1864 573
1865 573
1866 573
1867 573
1868 573
1869 573
1870 573
1871 573
1872 572
1873 572
1874 572
1875 572
1876 572
1877 572
1878 572
1879 572
1880 572
1881 572
1882 572
1883 572
1884 572
1885 572
1886 572
1887 572
1888 572
1889 572
1890 572
1891 572
1892 572
1893 572
1894 572
1895 572
1896 572
1897 572
1898 572
1899 572
1900 572
1901 572
1902 572
1903 572
1904 572
1905 572
1906 572
1907 572
1908 572
1909 572
1910 572
1911 572
1912 572
1913 572
1914 572
1915 572
1916 572
1917 572
1918 572
1919 572
1920 572
1921 572
1922 572
1923 572
1924 572
1925 572
1926 572
1927 572
1928 572
1929 572
1930 572
1931 572
1932 571
1933 571
1934 571
1935 571
1936 571
1937 571
1938 571
1939 571
1940 571
1941 571
1942 571
1943 571
1944 571
1945 571
1946 571
1947 571
1948 571
1949 571
1950 572
1951 572
1952 572
1953 572
1954 572
1955 572
1956 572
1957 572
1958 572
1959 572
1960 572
1961 572
1962 572
1963 572
1964 572
1965 572
1966 572
1967 572
1968 572
1969 572
1970 572
1971 572
1972 572
1973 572
1974 572
1975 572
1976 572
1977 572
1978 572
1979 572
1980 572
1981 572
1982 572
1983 572
1984 572
1985 572
1986 572
1987 572
1988 572
1989 572
1990 572
1991 572
1992 572
1993 572
1994 572
1995 572
1996 572
1997 572
1998 572
1999 572
2000 572
2001 572
2002 572
2003 572
2004 572
2005 572
2006 572
2007 572
2008 572
2009 572
2010 572
2011 572
2012 572
2013 572
2014 573
2015 573
2016 573
2017 573
2018 573
2019 573
2020 573
2021 573
2022 573
2023 573
2024 573
2025 573
2026 573
2027 573
2028 573
2029 574
2030 574
2031 574
2032 574
2033 574
2034 574
2035 574
2036 574
2037 574
2038 575
2039 575
2040 575
2041 575
2042 575
2043 576
2044 576
2045 576
2046 576
2047 577
0 666
1 666
2 666
3 666
4 666
5 666
6 666
7 666
8 666
9 666
10 666
11 666
12 666
13 666
14 666
15 666
16 666
17 666
18 666
19 666
20 666
21 666
22 666
23 666
24 666
25 666
26 666
27 666
28 666
29 666
30 666
31 666
32 666
33 666
34 666
35 666
36 666
37 666
38 666
39 666
40 666
41 666
42 666
43 666
44 666
45 666
46 666
47 666
48 666
49 666
50 666
51 666
52 666
53 666
54 666
55 666
56 666
57 666
58 666
59 666
60 666
61 666
62 666
63 665
64 665
65 665
66 665
67 665
68 665
69 665
70 665
71 665
72 665
73 665
74 665
75 665
76 665
77 665
78 665
79 665
80 665
81 665
82 665
83 665
84 665
85 665
86 665
87 665
88 665
89 665
90 665
91 665
92 665
93 665
94 665
95 665
96 665
97 665
98 665
99 665
100 665
101 665
102 665
103 665
104 665
105 665
106 665
107 665
108 665
109 664
110 664
111 664
112 664
113 664
114 664
115 664
116 664
117 664
118 664
119 664
120 664
121 664
122 664
123 664
124 664
125 664
126 664
127 664
128 664
129 664
130 664
131 664
132 664
133 664
134 664
135 664
136 664
137 664
138 664
139 664
140 664
141 664
142 664
143 664
144 664
145 664
146 664
147 664
148 664
149 664
150 664
151 664
152 664
153 664
154 664
155 664
156 664
157 664
158 664
159 664
160 664
161 664
162 664
163 664
164 664
165 664
166 664
167 664
168 664
169 664
170 664
171 664
172 664
173 664
174 664
175 664
176 664
177 664
178 664
179 664
180 664
181 664
182 664
183 664
184 664
185 664
186 664
187 663
188 663
189 663
190 663
191 663
192 663
193 663
194 663
195 663
196 663
197 663
198 663
199 664
200 664
201 664
202 664
203 664
204 664
205 664
206 664
207 664
208 664
209 664
210 664
211 664
212 664
213 664
214 664
215 664
216 663
217 663
218 663
219 663
220 663
221 663
222 663
223 663
224 663
225 663
226 663
227 663
228 663
229 663
230 663
231 663
232 663
233 663
234 663
235 663
236 663
237 663
238 663
239 663
240 663
241 663
242 663
243 663
244 663
245 663
246 663
247 663
248 663
249 663
250 663
251 663
252 663
253 663
254 663
255 663
256 663
257 663
258 663
259 663
260 663
261 663
262 663
263 663
264 663
265 663
266 663
267 663
268 663
269 663
270 663
271 663
272 663
273 663
274 663
275 663
276 663
277 663
278 663
279 663
280 663
281 663
282 663
283 663
284 663
285 663
286 663
287 663
288 663
289 663
290 663
291 663
292 663
293 663
294 663
295 663
296 663
297 663
298 663
299 663
300 663
301 662
302 662
303 662
304 662
305 662
306 662
307 662
308 662
309 662
310 662
311 662
312 662
313 662
314 662
315 662
316 662
317 662
318 662
319 662
320 662
321 662
322 662
323 662
324 662
325 662
326 662
327 662
328 662
329 662
330 662
331 662
332 662
333 662
334 662
335 662
336 662
337 662
338 662
339 662
340 662
341 662
342 662
343 662
344 662
345 662
346 662
347 662
348 662
349 662
350 662
351 662
352 662
353 662
354 662
355 662
356 662
357 662
358 662
359 662
360 662
361 662
362 662
363 662
364 662
365 662
366 662
367 662
368 662
369 662
370 662
371 662
372 662
373 662
374 662
375 662
376 662
377 662
378 662
379 662
380 662
381 662
382 662
383 662
384 662
385 662
386 662
387 662
388 662
389 662
390 662
391 662
392 662
393 662
394 662
395 662
396 662
397 662
398 662
399 662
400 662
401 662
402 662
403 662
404 662
405 662
406 662
407 662
408 662
409 662
410 662
411 662
412 662
413 662
414 662
415 661
416 661
417 661
418 661
419 661
420 661
421 661
422 661
423 661
424 661
425 661
426 661
427 661
428 661
429 661
430 661
431 661
432 661
433 661
434 661
435 661
436 661
437 661
438 661
439 661
440 661
441 661
442 661
443 661
444 661
445 661
446 661
447 661
448 661
449 661
450 661
451 661
452 661
453 661
454 661
455 661
456 661
457 661
458 661
459 661
460 661
461 661
462 661
463 661
464 661
465 661
466 661
467 661
468 661
469 661
470 661
471 661
472 661
473 661
474 661
475 661
476 661
477 661
478 661
479 661
480 661
481 661
482 661
483 661
484 661
485 661
486 661
487 661
488 661
489 661
490 661
491 661
492 661
493 660
494 660
495 660
496 660
497 660
498 660
499 660
500 660
501 660
502 660
503 660
504 660
505 660
506 660
507 660
508 660
509 660
510 660
511 660
512 660
513 660
514 660
515 660
516 660
517 660
518 660
519 660
520 660
521 660
522 660
523 660
524 660
525 660
526 660
527 660
528 660
529 660
530 660
531 660
532 660
533 660
534 660
535 660
536 660
537 660
538 660
539 660
540 660
541 660
542 660
543 660
544 660
545 660
546 660
547 660
548 660
549 660
550 660
551 660
552 660
553 660
554 660
555 660
556 660
557 660
558 660
559 660
560 660
561 660
562 660
563 660
564 660
565 660
566 660
567 660
568 660
569 659
570 659
571 659
572 659
573 659
574 659
575 659
576 659
577 659
578 659
579 659
580 659
581 659
582 659
583 659
584 659
585 659
586 659
587 659
588 659
589 659
590 659
591 659
592 659
593 659
594 659
595 659
596 659
597 659
598 659
599 659
600 659
601 659
602 659
603 659
604 659
605 659
606 659
607 659
608 659
609 659
610 659
611 659
612 659
613 659
614 659
615 659
616 659
617 659
618 659
619 659
620 659
621 659
622 659
623 659
624 659
625 659
626 659
627 659
628 659
629 659
630 659
631 659
632 659
633 659
634 659
635 659
636 659
637 659
638 659
639 659
640 659
641 659
642 659
643 658
644 658
645 658
646 658
647 658
648 658
649 658
650 658
651 658
652 658
653 658
654 658
655 658
656 658
657 658
658 658
659 658
660 658
661 658
662 658
663 658
664 658
665 658
666 658
667 658
668 658
669 658
670 658
671 658
672 658
673 658
674 658
675 658
676 658
677 658
678 658
679 658
680 658
681 658
682 658
683 658
684 658
685 658
686 658
687 658
688 658
689 658
690 658
691 658
692 658
693 658
694 658
695 658
696 658
697 658
698 658
699 658
700 658
701 658
702 658
703 658
704 658
705 658
706 658
707 658
708 658
709 658
710 658
711 658
712 658
713 658
714 657
715 657
716 657
717 657
718 657
719 657
720 657
721 657
722 657
723 657
724 657
725 657
726 657
727 657
728 657
729 657
730 657
731 657
732 657
733 657
734 657
735 657
736 657
737 657
738 657
739 657
740 657
741 657
742 657
743 657
744 657
745 657
746 657
747 657
748 657
749 657
750 657
751 657
752 657
753 657
754 657
755 657
756 656
757 656
758 656
759 656
760 656
761 656
762 656
763 656
764 656
765 656
766 656
767 656
768 656
769 656
770 656
771 656
772 656
773 656
774 656
775 656
776 656
777 656
778 656
779 656
780 656
781 656
782 656
783 656
784 656
785 656
786 656
787 656
788 656
789 656
790 656
791 656
792 656
793 656
794 656
795 656
796 656
797 656
798 656
799 656
800 656
801 656
802 656
803 656
804 656
805 656
806 656
807 656
808 656
809 656
810 656
811 656
812 656
813 656
814 656
815 656
816 656
817 656
818 656
819 656
820 656
821 656
822 655
823 655
824 655
825 655
826 655
827 655
828 655
829 655
830 655
831 655
832 655
833 655
834 655
835 655
836 655
837 655
838 655
839 655
840 655
841 655
842 655
843 655
844 655
845 655
846 655
847 655
848 655
849 655
850 655
851 655
852 655
853 655
854 655
855 655
856 655
857 655
858 655
859 655
860 655
861 655
862 655
863 655
864 654
865 654
866 654
867 654
868 654
869 654
870 654
871 654
872 654
873 654
874 654
875 654
876 654
877 654
878 654
879 654
880 654
881 654
882 654
883 654
884 654
885 654
886 654
887 654
888 654
889 654
890 654
891 654
892 654
893 654
894 654
895 654
896 654
897 654
898 654
899 654
900 654
901 654
902 653
903 653
904 653
905 653
906 653
907 653
908 653
909 653
910 653
911 653
912 653
913 653
914 653
915 653
916 653
917 653
918 653
919 653
920 653
921 653
922 653
923 653
924 653
925 653
926 653
927 653
928 653
929 653
930 653
931 653
932 653
933 653
934 653
935 653
936 653
937 653
938 653
939 653
940 652
941 652
942 652
943 652
944 652
945 652
946 652
947 652
948 652
949 652
950 652
951 652
952 652
953 652
954 652
955 652
956 652
957 652
958 652
959 652
960 652
961 652
962 652
963 652
964 652
965 652
966 652
967 652
968 652
969 652
970 652
971 652
972 652
973 652
974 652
975 652
976 652
977 652
978 652
979 652
980 652
981 652
982 652
983 652
984 652
985 652
986 652
987 652
988 652
989 652
990 652
991 652
992 651
993 651
994 651
995 651
996 651
997 651
998 651
999 651
1000 651
1001 651
1002 651
1003 651
1004 651
1005 651
1006 651
1007 651
1008 651
1009 651
1010 651
1011 651
1012 651
1013 651
1014 651
1015 651
1016 651
1017 651
1018 651
1019 651
1020 651
1021 651
1022 651
1023 651
1024 651
1025 651
1026 651
1027 651
1028 651
1029 651
1030 651
1031 651
1032 651
1033 650
1034 650
1035 650
1036 650
1037 650
1038 650
1039 650
1040 650
1041 650
1042 650
1043 650
1044 650
1045 650
1046 650
1047 650
1048 650
1049 650
1050 650
1051 650
1052 650
1053 650
1054 650
1055 650
1056 650
1057 650
1058 650
1059 650
1060 650
1061 650
1062 650
1063 650
1064 650
1065 650
1066 650
1067 650
1068 649
1069 649
1070 649
1071 649
1072 649
1073 649
1074 649
1075 649
1076 649
1077 649
1078 649
1079 649
1080 649
1081 649
1082 649
1083 649
1084 649
1085 649
1086 649
1087 649
1088 649
1089 649
1090 649
1091 649
1092 649
1093 649
1094 649
1095 649
1096 649
1097 649
1098 649
1099 648
1100 648
1101 648
1102 648
1103 648
1104 648
1105 648
1106 648
1107 648
1108 648
1109 648
1110 648
1111 648
1112 648
1113 648
1114 648
1115 648
1116 648
1117 648
1118 648
1119 648
1120 648
1121 648
1122 648
1123 648
1124 648
1125 648
1126 648
1127 648
1128 648
1129 648
1130 648
1131 648
1132 648
1133 648
1134 648
1135 648
1136 648
1137 648
1138 648
1139 648
1140 648
1141 648
1142 648
1143 648
1144 648
1145 648
1146 648
1147 648
1148 648
1149 648
1150 648
1151 648
1152 648
1153 648
1154 648
1155 648
1156 648
1157 648
1158 648
1159 648
1160 648
1161 648
1162 648
1163 648
1164 648
1165 648
1166 648
1167 648
1168 648
1169 648
1170 648
1171 648
1172 648
1173 648
1174 648
1175 648
1176 648
1177 648
1178 648
1179 648
1180 648
1181 648
1182 648
1183 647
1184 647
1185 647
1186 647
1187 647
1188 647
1189 647
1190 647
1191 647
1192 647
1193 647
1194 647
1195 647
1196 647
1197 647
1198 647
1199 647
1200 647
1201 647
1202 647
1203 647
1204 647
1205 647
1206 647
1207 647
1208 647
1209 647
1210 647
1211 647
1212 647
1213 647
1214 647
1215 647
1216 647
1217 647
1218 647
1219 647
1220 647
1221 647
1222 647
1223 647
1224 647
1225 647
1226 647
1227 647
1228 647
1229 647
1230 647
1231 647
1232 647
1233 647
1234 647
1235 647
1236 647
1237 647
1238 647
1239 647
1240 647
1241 647
1242 647
1243 647
1244 647
1245 647
1246 647
1247 647
1248 647
1249 647
1250 647
1251 647
1252 647
1253 647
1254 647
1255 647
1256 647
1257 647
1258 647
1259 647
1260 647
1261 647
1262 647
1263 647
1264 647
1265 647
1266 647
1267 647
1268 647
1269 647
1270 647
1271 647
1272 647
1273 647
1274 646
1275 646
1276 646
1277 646
1278 646
1279 646
1280 646
1281 646
1282 646
1283 646
1284 646
1285 646
1286 646
1287 646
1288 646
1289 646
1290 646
1291 646
1292 646
1293 646
1294 646
1295 646
1296 646
1297 646
1298 646
1299 646
1300 646
1301 646
1302 646
1303 646
1304 646
1305 646
1306 646
1307 646
1308 646
1309 646
1310 646
1311 646
1312 646
1313 646
1314 646
1315 646
1316 646
1317 646
1318 646
1319 646
1320 646
1321 646
1322 646
1323 646
1324 646
1325 646
1326 646
1327 646
1328 646
1329 646
1330 646
1331 646
1332 646
1333 646
1334 646
1335 646
1336 646
1337 646
1338 646
1339 646
1340 646
1341 646
1342 646
1343 646
1344 646
1345 646
1346 646
1347 646
1348 646
1349 646
1350 646
1351 646
1352 646
1353 646
1354 646
1355 646
1356 646
1357 646
1358 646
1359 646
1360 646
1361 646
1362 646
1363 646
1364 646
1365 646
1366 646
1367 646
1368 646
1369 646
1370 646
1371 646
1372 646
1373 646
1374 646
1375 646
1376 646
1377 646
1378 646
1379 646
1380 646
1381 646
1382 646
1383 646
1384 646
1385 646
1386 646
1387 646
1388 646
1389 646
1390 646
1391 646
1392 646
1393 646
1394 646
1395 646
1396 646
1397 646
1398 646
1399 646
1400 646
1401 646
1402 646
1403 646
1404 646
1405 646
1406 646
1407 646
1408 646
1409 646
1410 646
1411 646
1412 646
1413 646
1414 646
1415 646
1416 646
1417 646
1418 646
1419 646
1420 646
1421 646
1422 646
1423 646
1424 646
1425 646
1426 646
1427 646
1428 646
1429 646
1430 646
1431 646
1432 646
1433 646
1434 645
1435 645
1436 645
1437 645
1438 645
1439 645
1440 645
1441 645
1442 645
1443 645
1444 645
1445 645
1446 645
1447 645
1448 645
1449 645
1450 645
1451 645
1452 645
1453 645
1454 645
1455 645
1456 645
1457 645
1458 645
1459 645
1460 645
1461 645
1462 645
1463 645
1464 645
1465 645
1466 645
1467 645
1468 645
1469 645
1470 645
1471 645
1472 645
1473 645
1474 645
1475 645
1476 645
1477 645
1478 645
1479 645
1480 645
1481 645
1482 645
1483 645
1484 645
1485 645
1486 645
1487 645
1488 645
1489 645
1490 645
1491 645
1492 645
1493 645
1494 645
1495 645
1496 645
1497 645
1498 645
1499 645
1500 645
1501 645
1502 645
1503 645
1504 645
1505 645
1506 645
1507 645
1508 645
1509 645
1510 645
1511 645
1512 645
1513 645
1514 645
1515 645
1516 645
1517 645
1518 645
1519 645
1520 645
1521 645
1522 645
1523 645
1524 645
1525 645
1526 645
1527 645
1528 645
1529 645
1530 645
1531 645
1532 645
1533 645
1534 645
1535 645
1536 645
1537 645
1538 645
1539 645
1540 645
1541 645
1542 645
1543 645
1544 645
1545 644
1546 644
1547 644
1548 644
1549 644
1550 644
1551 644
1552 644
1553 644
1554 644
1555 644
1556 644
1557 644
1558 644
1559 644
1560 644
1561 644
1562 644
1563 644
1564 644
1565 644
1566 644
1567 644
1568 644
1569 644
1570 644
1571 644
1572 644
1573 644
1574 644
1575 644
1576 644
1577 644
1578 644
1579 644
1580 644
1581 644
1582 644
1583 644
1584 644
1585 644
1586 644
1587 644
1588 644
1589 644
1590 644
1591 644
1592 644
1593 644
1594 644
1595 644
1596 644
1597 644
1598 644
1599 644
1600 644
1601 644
1602 644
1603 644
1604 644
1605 644
1606 644
1607 644
1608 644
1609 644
1610 644
1611 644
1612 644
1613 644
1614 644
1615 644
1616 644
1617 644
1618 644
1619 644
1620 644
1621 644
1622 644
1623 644
1624 644
1625 644
1626 644
1627 644
1628 644
1629 644
1630 644
1631 643
1632 643
1633 643
1634 643
1635 643
1636 643
1637 643
1638 643
1639 643
1640 643
1641 643
1642 643
1643 643
1644 643
1645 643
1646 643
1647 643
1648 643
1649 643
1650 643
1651 643
1652 643
1653 643
1654 643
1655 643
1656 643
1657 643
1658 643
1659 643
1660 643
1661 643
1662 643
1663 643
1664 643
1665 643
1666 643
1667 643
1668 643
1669 643
1670 643
1671 643
1672 643
1673 643
1674 643
1675 643
1676 643
1677 643
1678 643
1679 643
1680 643
1681 643
1682 643
1683 643
1684 643
1685 643
1686 643
1687 643
1688 643
1689 643
1690 643
1691 643
1692 643
1693 643
1694 643
1695 643
1696 643
1697 643
1698 643
1699 643
1700 643
1701 643
1702 643
1703 643
1704 643
1705 643
1706 643
1707 643
1708 643
1709 642
1710 642
1711 642
1712 642
1713 642
1714 642
1715 642
1716 642
1717 642
1718 642
1719 642
1720 642
1721 642
1722 642
1723 642
1724 642
1725 642
1726 642
1727 642
1728 642
1729 642
1730 642
1731 642
1732 642
1733 642
1734 642
1735 642
1736 642
1737 642
1738 642
1739 642
1740 642
1741 642
1742 642
1743 642
1744 642
1745 642
1746 642
1747 642
1748 642
1749 642
1750 642
1751 642
1752 642
1753 642
1754 642
1755 642
1756 642
1757 642
1758 642
1759 642
1760 642
1761 642
1762 642
1763 642
1764 642
1765 642
1766 642
1767 642
1768 642
1769 642
1770 642
1771 642
1772 642
1773 642
1774 642
1775 642
1776 642
1777 642
1778 642
1779 642
1780 642
1781 642
1782 642
1783 642
1784 642
1785 642
1786 642
1787 642
1788 642
1789 642
1790 642
1791 642
1792 642
1793 642
1794 642
1795 642
1796 642
1797 642
1798 642
1799 642
1800 642
1801 642
1802 642
1803 642
1804 642
1805 642
1806 642
1807 642
1808 642
1809 642
1810 642
1811 642
1812 642
1813 642
1814 642
1815 642
1816 642
1817 642
1818 642
1819 642
1820 642
1821 642
1822 642
1823 642
1824 642
1825 642
1826 642
1827 642
1828 642
1829 641
1830 641
1831 641
1832 641
1833 641
1834 641
1835 641
1836 641
1837 641
1838 641
1839 641
1840 641
1841 641
1842 641
1843 641
1844 641
1845 641
1846 641
1847 641
1848 641
1849 641
1850 641
1851 641
1852 641
1853 641
1854 641
1855 641
1856 641
1857 641
1858 641
1859 641
1860 641
1861 641
1862 641
1863 641
1864 641
1865 641
1866 641
1867 641
1868 641
1869 641
1870 641
1871 641
1872 641
1873 641
1874 641
1875 641
1876 641
1877 641
1878 641
1879 641
1880 641
1881 641
1882 641
1883 641
1884 641
1885 641
1886 641
1887 641
1888 641
1889 641
1890 641
1891 641
1892 641
1893 641
1894 641
1895 641
1896 641
1897 641
1898 641
1899 641
1900 641
1901 641
1902 641
1903 641
1904 641
1905 641
1906 641
1907 641
1908 641
1909 641
1910 641
1911 641
1912 641
1913 641
1914 641
1915 641
1916 641
1917 641
1918 641
1919 641
1920 641
1921 641
1922 641
1923 641
1924 641
1925 641
1926 641
1927 641
1928 641
1929 641
1930 641
1931 641
1932 641
1933 641
1934 641
1935 641
1936 641
1937 641
1938 641
1939 641
1940 641
1941 641
1942 641
1943 641
1944 641
1945 641
1946 641
1947 641
1948 641
1949 641
1950 641
1951 641
1952 641
1953 640
1954 640
1955 640
1956 640
1957 640
1958 640
1959 640
1960 640
1961 640
1962 640
1963 640
1964 640
1965 640
1966 640
1967 640
1968 640
1969 640
1970 640
1971 640
1972 640
1973 640
1974 640
1975 640
1976 640
1977 640
1978 640
1979 640
1980 640
1981 640
1982 640
1983 640
1984 640
1985 640
1986 640
1987 640
1988 641
1989 641
1990 641
1991 641
1992 641
1993 641
1994 641
1995 641
1996 641
1997 641
1998 641
1999 641
2000 641
2001 641
2002 641
2003 641
2004 641
2005 641
2006 641
2007 641
2008 641
2009 641
2010 641
2011 641
2012 641
2013 641
2014 641
2015 641
2016 641
2017 641
2018 641
2019 641
2020 641
2021 641
2022 641
2023 640
2024 640
2025 640
2026 640
2027 640
2028 641
2029 641
2030 641
2031 641
2032 641
2033 641
2034 641
2035 641
2036 641
2037 641
2038 641
2039 641
2040 641
2041 641
2042 641
2043 641
2044 641
2045 641
2046 641
2047 641
